# y+ ()       
# Time        	patch         	min           	max           	average       
1             	trup	5.942971e+01	5.444207e+02	9.141321e+01
2             	trup	3.033015e+01	5.169219e+02	9.150050e+01
3             	trup	2.806303e+01	4.886616e+02	9.183430e+01
4             	trup	4.134755e+01	4.722386e+02	9.196936e+01
5             	trup	3.977553e+01	4.712660e+02	9.166192e+01
6             	trup	3.869578e+01	4.776132e+02	9.100921e+01
7             	trup	2.201285e+01	4.872957e+02	9.028703e+01
8             	trup	1.868942e+01	4.974407e+02	8.968160e+01
9             	trup	3.023268e+01	5.052091e+02	8.926097e+01
10            	trup	2.915725e+01	5.090376e+02	8.902028e+01
11            	trup	2.672329e+01	5.089203e+02	8.888406e+01
12            	trup	2.532154e+01	5.059457e+02	8.877328e+01
13            	trup	2.491488e+01	5.016787e+02	8.863590e+01
14            	trup	2.379997e+01	4.976179e+02	8.843507e+01
15            	trup	2.115371e+01	4.947434e+02	8.816342e+01
16            	trup	2.004019e+01	4.933540e+02	8.784261e+01
17            	trup	2.029116e+01	4.931770e+02	8.750796e+01
18            	trup	2.147840e+01	4.936278e+02	8.718722e+01
19            	trup	2.233803e+01	4.940875e+02	8.689835e+01
20            	trup	2.124340e+01	4.940897e+02	8.664462e+01
21            	trup	2.034995e+01	4.934180e+02	8.641653e+01
22            	trup	1.968574e+01	4.920906e+02	8.619888e+01
23            	trup	1.920002e+01	4.902779e+02	8.597932e+01
24            	trup	1.880615e+01	4.881892e+02	8.574935e+01
25            	trup	1.840867e+01	4.860080e+02	8.550640e+01
26            	trup	1.794434e+01	4.838390e+02	8.525388e+01
27            	trup	1.739629e+01	4.817008e+02	8.499836e+01
28            	trup	1.678959e+01	4.795492e+02	8.474575e+01
29            	trup	1.616761e+01	4.773247e+02	8.449994e+01
30            	trup	1.557598e+01	4.749726e+02	8.426239e+01
31            	trup	1.504610e+01	4.724658e+02	8.403198e+01
32            	trup	1.459085e+01	4.698117e+02	8.380603e+01
33            	trup	1.420614e+01	4.670455e+02	8.358181e+01
34            	trup	1.387813e+01	4.642120e+02	8.335759e+01
35            	trup	1.358891e+01	4.613560e+02	8.313248e+01
36            	trup	1.332221e+01	4.585129e+02	8.290670e+01
37            	trup	1.306647e+01	4.557042e+02	8.268130e+01
38            	trup	1.281552e+01	4.529390e+02	8.245747e+01
39            	trup	1.256748e+01	4.502254e+02	8.223601e+01
40            	trup	1.232298e+01	4.475770e+02	8.201737e+01
41            	trup	1.208381e+01	4.449897e+02	8.180157e+01
42            	trup	1.185158e+01	4.424761e+02	8.158822e+01
43            	trup	1.162733e+01	4.400525e+02	8.137679e+01
44            	trup	1.141236e+01	4.377362e+02	8.116697e+01
45            	trup	1.120551e+01	4.355410e+02	8.095856e+01
46            	trup	1.100578e+01	4.334761e+02	8.075140e+01
47            	trup	1.081163e+01	4.315469e+02	8.054545e+01
48            	trup	1.062399e+01	4.297546e+02	8.034079e+01
49            	trup	1.044307e+01	4.280960e+02	8.013758e+01
50            	trup	1.026872e+01	4.265654e+02	7.993591e+01
51            	trup	1.010174e+01	4.251565e+02	7.973585e+01
52            	trup	9.943566e+00	4.238614e+02	7.953744e+01
53            	trup	9.795565e+00	4.226709e+02	7.934072e+01
54            	trup	9.658582e+00	4.215756e+02	7.914568e+01
55            	trup	9.533541e+00	4.205662e+02	7.895226e+01
56            	trup	9.420197e+00	4.196343e+02	7.876037e+01
57            	trup	9.317968e+00	4.187721e+02	7.856995e+01
58            	trup	9.226254e+00	4.179717e+02	7.838095e+01
59            	trup	9.144527e+00	4.172253e+02	7.819332e+01
60            	trup	9.072245e+00	4.165252e+02	7.800704e+01
61            	trup	9.008745e+00	4.158639e+02	7.782209e+01
62            	trup	8.953171e+00	4.152347e+02	7.763845e+01
63            	trup	8.904588e+00	4.146314e+02	7.745613e+01
64            	trup	8.862272e+00	4.140483e+02	7.727516e+01
65            	trup	8.825788e+00	4.134802e+02	7.709555e+01
66            	trup	8.794783e+00	4.129216e+02	7.691731e+01
67            	trup	8.768992e+00	4.123676e+02	7.674043e+01
68            	trup	8.748171e+00	4.118134e+02	7.656494e+01
69            	trup	8.732049e+00	4.112547e+02	7.639083e+01
70            	trup	8.720281e+00	4.106878e+02	7.621811e+01
71            	trup	8.712486e+00	4.101096e+02	7.604675e+01
72            	trup	8.708271e+00	4.095176e+02	7.587676e+01
73            	trup	8.707299e+00	4.089097e+02	7.570811e+01
74            	trup	8.709301e+00	4.082845e+02	7.554081e+01
75            	trup	8.714101e+00	4.076408e+02	7.537483e+01
76            	trup	8.721572e+00	4.069782e+02	7.521016e+01
77            	trup	8.731635e+00	4.062967e+02	7.504681e+01
78            	trup	8.744205e+00	4.055970e+02	7.488475e+01
79            	trup	8.759189e+00	4.048801e+02	7.472399e+01
80            	trup	8.776469e+00	4.041480e+02	7.456452e+01
81            	trup	8.795918e+00	4.034030e+02	7.440633e+01
82            	trup	8.817386e+00	4.026478e+02	7.424941e+01
83            	trup	8.840733e+00	4.018856e+02	7.409377e+01
84            	trup	8.865813e+00	4.011198e+02	7.393939e+01
85            	trup	8.892511e+00	4.003540e+02	7.378627e+01
86            	trup	8.920723e+00	3.995919e+02	7.363440e+01
87            	trup	8.950375e+00	3.988371e+02	7.348378e+01
88            	trup	8.981399e+00	3.980934e+02	7.333439e+01
89            	trup	9.013753e+00	3.973641e+02	7.318624e+01
90            	trup	9.047391e+00	3.966525e+02	7.303931e+01
91            	trup	9.082277e+00	3.959614e+02	7.289359e+01
92            	trup	9.118357e+00	3.952934e+02	7.274907e+01
93            	trup	9.155566e+00	3.946505e+02	7.260575e+01
94            	trup	9.193829e+00	3.940346e+02	7.246362e+01
95            	trup	9.233067e+00	3.934467e+02	7.232266e+01
96            	trup	9.273204e+00	3.928877e+02	7.218286e+01
97            	trup	9.314189e+00	3.923581e+02	7.204422e+01
98            	trup	9.355987e+00	3.918578e+02	7.190672e+01
99            	trup	9.398587e+00	3.913864e+02	7.177037e+01
100           	trup	9.441988e+00	3.909434e+02	7.163514e+01
101           	trup	9.486206e+00	3.905279e+02	7.150103e+01
102           	trup	9.531255e+00	3.901388e+02	7.136805e+01
103           	trup	9.577151e+00	3.897748e+02	7.123617e+01
104           	trup	9.623890e+00	3.894345e+02	7.110539e+01
105           	trup	9.671461e+00	3.891163e+02	7.097571e+01
106           	trup	9.719843e+00	3.890157e+02	7.084712e+01
107           	trup	9.769020e+00	3.889380e+02	7.071962e+01
108           	trup	9.818974e+00	3.888605e+02	7.059320e+01
109           	trup	9.869701e+00	3.887825e+02	7.046784e+01
110           	trup	9.921202e+00	3.887046e+02	7.034356e+01
111           	trup	9.973495e+00	3.886263e+02	7.022033e+01
112           	trup	1.002658e+01	3.885480e+02	7.009816e+01
113           	trup	1.008047e+01	3.884696e+02	6.997704e+01
114           	trup	1.013514e+01	3.883913e+02	6.985696e+01
115           	trup	1.019053e+01	3.883128e+02	6.973792e+01
116           	trup	1.024658e+01	3.882349e+02	6.961991e+01
117           	trup	1.030320e+01	3.881567e+02	6.950292e+01
118           	trup	1.036028e+01	3.880791e+02	6.938695e+01
119           	trup	1.041771e+01	3.880019e+02	6.927200e+01
120           	trup	1.047539e+01	3.879254e+02	6.915805e+01
121           	trup	1.053324e+01	3.878495e+02	6.904511e+01
122           	trup	1.059114e+01	3.877749e+02	6.893316e+01
123           	trup	1.064900e+01	3.877011e+02	6.882221e+01
124           	trup	1.070670e+01	3.876285e+02	6.871224e+01
125           	trup	1.076412e+01	3.875839e+02	6.860326e+01
126           	trup	1.082112e+01	3.875558e+02	6.849525e+01
127           	trup	1.087754e+01	3.875293e+02	6.838822e+01
128           	trup	1.093322e+01	3.875044e+02	6.828216e+01
129           	trup	1.098801e+01	3.874810e+02	6.817706e+01
130           	trup	1.104173e+01	3.874588e+02	6.807292e+01
131           	trup	1.109423e+01	3.874378e+02	6.796973e+01
132           	trup	1.114537e+01	3.874179e+02	6.786750e+01
133           	trup	1.119498e+01	3.873988e+02	6.776620e+01
134           	trup	1.124295e+01	3.873805e+02	6.766585e+01
135           	trup	1.128912e+01	3.873627e+02	6.756644e+01
136           	trup	1.133338e+01	3.873454e+02	6.746796e+01
137           	trup	1.137561e+01	3.873285e+02	6.737040e+01
138           	trup	1.141495e+01	3.873118e+02	6.727376e+01
139           	trup	1.144723e+01	3.872953e+02	6.717805e+01
140           	trup	1.147304e+01	3.872788e+02	6.708324e+01
141           	trup	1.149230e+01	3.872622e+02	6.698934e+01
142           	trup	1.139346e+01	3.872454e+02	6.689635e+01
143           	trup	1.104500e+01	3.872284e+02	6.680426e+01
144           	trup	1.069862e+01	3.872112e+02	6.671306e+01
145           	trup	1.035514e+01	3.871935e+02	6.662275e+01
146           	trup	1.001562e+01	3.871753e+02	6.653333e+01
147           	trup	9.681306e+00	3.871567e+02	6.644480e+01
148           	trup	9.353681e+00	3.871375e+02	6.635714e+01
149           	trup	9.034714e+00	3.871177e+02	6.627036e+01
150           	trup	8.728036e+00	3.870974e+02	6.618446e+01
151           	trup	8.437930e+00	3.870764e+02	6.609942e+01
152           	trup	8.168583e+00	3.870548e+02	6.601525e+01
153           	trup	7.923688e+00	3.870325e+02	6.593194e+01
154           	trup	7.706453e+00	3.870096e+02	6.584949e+01
155           	trup	7.520633e+00	3.869861e+02	6.576790e+01
156           	trup	7.369881e+00	3.869620e+02	6.568716e+01
157           	trup	7.258399e+00	3.869374e+02	6.560727e+01
158           	trup	7.190473e+00	3.869122e+02	6.552822e+01
159           	trup	7.170082e+00	3.868864e+02	6.545002e+01
160           	trup	7.200254e+00	3.868602e+02	6.537265e+01
161           	trup	7.286441e+00	3.868335e+02	6.529612e+01
162           	trup	7.433782e+00	3.868065e+02	6.522042e+01
163           	trup	7.515316e+00	3.867791e+02	6.514555e+01
164           	trup	7.355917e+00	3.867515e+02	6.507151e+01
165           	trup	7.224592e+00	3.867236e+02	6.499829e+01
166           	trup	7.124718e+00	3.866956e+02	6.492589e+01
167           	trup	7.054444e+00	3.866675e+02	6.485431e+01
168           	trup	7.026456e+00	3.866393e+02	6.478354e+01
169           	trup	7.049207e+00	3.866111e+02	6.471358e+01
170           	trup	7.127724e+00	3.865829e+02	6.464443e+01
171           	trup	7.265112e+00	3.865549e+02	6.457609e+01
172           	trup	7.463016e+00	3.865270e+02	6.450854e+01
173           	trup	7.721384e+00	3.864994e+02	6.444178e+01
174           	trup	8.038456e+00	3.864722e+02	6.437581e+01
175           	trup	8.409025e+00	3.864452e+02	6.431062e+01
176           	trup	8.827071e+00	3.864187e+02	6.424622e+01
177           	trup	9.287543e+00	3.863927e+02	6.418258e+01
178           	trup	9.793676e+00	3.863673e+02	6.411972e+01
179           	trup	1.034586e+01	3.863424e+02	6.405762e+01
180           	trup	1.093612e+01	3.863181e+02	6.399628e+01
181           	trup	1.143843e+01	3.862944e+02	6.393570e+01
182           	trup	1.146362e+01	3.862716e+02	6.387587e+01
183           	trup	1.148907e+01	3.862494e+02	6.381679e+01
184           	trup	1.151463e+01	3.862282e+02	6.375845e+01
185           	trup	1.154041e+01	3.862078e+02	6.370085e+01
186           	trup	1.156659e+01	3.861883e+02	6.364399e+01
187           	trup	1.159335e+01	3.861698e+02	6.358787e+01
188           	trup	1.162091e+01	3.861524e+02	6.353247e+01
189           	trup	1.164933e+01	3.861360e+02	6.347781e+01
190           	trup	1.167883e+01	3.861207e+02	6.342387e+01
191           	trup	1.170936e+01	3.861065e+02	6.337065e+01
192           	trup	1.174083e+01	3.860935e+02	6.331815e+01
193           	trup	1.177313e+01	3.860817e+02	6.326635e+01
194           	trup	1.180613e+01	3.860711e+02	6.321526e+01
195           	trup	1.183965e+01	3.860617e+02	6.316486e+01
196           	trup	1.187355e+01	3.860535e+02	6.311517e+01
197           	trup	1.137375e+01	3.860465e+02	6.306616e+01
198           	trup	1.069930e+01	3.860409e+02	6.301786e+01
199           	trup	1.005654e+01	3.860365e+02	6.297024e+01
200           	trup	9.481551e+00	3.860335e+02	6.292331e+01
201           	trup	9.020599e+00	3.860318e+02	6.287706e+01
202           	trup	8.727067e+00	3.860314e+02	6.283150e+01
203           	trup	8.651194e+00	3.860323e+02	6.278662e+01
204           	trup	8.825722e+00	3.860345e+02	6.274240e+01
205           	trup	9.252386e+00	3.860379e+02	6.269886e+01
206           	trup	9.904776e+00	3.860426e+02	6.265597e+01
207           	trup	1.074259e+01	3.860484e+02	6.261374e+01
208           	trup	1.172453e+01	3.860553e+02	6.257215e+01
209           	trup	1.233299e+01	3.860634e+02	6.253120e+01
210           	trup	1.153723e+01	3.860726e+02	6.249089e+01
211           	trup	1.072043e+01	3.860828e+02	6.245121e+01
212           	trup	9.933706e+00	3.860940e+02	6.241215e+01
213           	trup	9.222211e+00	3.861061e+02	6.237371e+01
214           	trup	8.647910e+00	3.861191e+02	6.233588e+01
215           	trup	8.286489e+00	3.861328e+02	6.229866e+01
216           	trup	8.207107e+00	3.861472e+02	6.226206e+01
217           	trup	8.446953e+00	3.861622e+02	6.222608e+01
218           	trup	8.995217e+00	3.861778e+02	6.219071e+01
219           	trup	9.801385e+00	3.861938e+02	6.215594e+01
220           	trup	1.079798e+01	3.862102e+02	6.212175e+01
221           	trup	1.192712e+01	3.862269e+02	6.208814e+01
222           	trup	1.270595e+01	3.862438e+02	6.205509e+01
223           	trup	1.272948e+01	3.862609e+02	6.202261e+01
224           	trup	1.275208e+01	3.862782e+02	6.199069e+01
225           	trup	1.277372e+01	3.862955e+02	6.195932e+01
226           	trup	1.279418e+01	3.863128e+02	6.192850e+01
227           	trup	1.281319e+01	3.863299e+02	6.189821e+01
228           	trup	1.283047e+01	3.863470e+02	6.186847e+01
229           	trup	1.284588e+01	3.863639e+02	6.183926e+01
230           	trup	1.285937e+01	3.863806e+02	6.181057e+01
231           	trup	1.287089e+01	3.863969e+02	6.178240e+01
232           	trup	1.288068e+01	3.864130e+02	6.175473e+01
233           	trup	1.288890e+01	3.864286e+02	6.172756e+01
234           	trup	1.289583e+01	3.864440e+02	6.170091e+01
235           	trup	1.290168e+01	3.864590e+02	6.167478e+01
236           	trup	1.290660e+01	3.864737e+02	6.164915e+01
237           	trup	1.291080e+01	3.864881e+02	6.162402e+01
238           	trup	1.291439e+01	3.865021e+02	6.159939e+01
239           	trup	1.291753e+01	3.865157e+02	6.157526e+01
240           	trup	1.292033e+01	3.865289e+02	6.155163e+01
241           	trup	1.292287e+01	3.865418e+02	6.152848e+01
242           	trup	1.292515e+01	3.865544e+02	6.150582e+01
243           	trup	1.292717e+01	3.865667e+02	6.148364e+01
244           	trup	1.292888e+01	3.865788e+02	6.146195e+01
245           	trup	1.293026e+01	3.865907e+02	6.144075e+01
246           	trup	1.293124e+01	3.866026e+02	6.142002e+01
247           	trup	1.293178e+01	3.866145e+02	6.139975e+01
248           	trup	1.293186e+01	3.866264e+02	6.137994e+01
249           	trup	1.293127e+01	3.866383e+02	6.136057e+01
250           	trup	1.292983e+01	3.866503e+02	6.134164e+01
251           	trup	1.292740e+01	3.866624e+02	6.132316e+01
252           	trup	1.292386e+01	3.866747e+02	6.130514e+01
253           	trup	1.291899e+01	3.866872e+02	6.128751e+01
254           	trup	1.291242e+01	3.867001e+02	6.127017e+01
255           	trup	1.290404e+01	3.867134e+02	6.125316e+01
256           	trup	1.289398e+01	3.867271e+02	6.123652e+01
257           	trup	1.288262e+01	3.867412e+02	6.122027e+01
258           	trup	1.287051e+01	3.867557e+02	6.120442e+01
259           	trup	1.285820e+01	3.867707e+02	6.118896e+01
260           	trup	1.284693e+01	3.867863e+02	6.117387e+01
261           	trup	1.283824e+01	3.868024e+02	6.115917e+01
262           	trup	1.283272e+01	3.868192e+02	6.114483e+01
263           	trup	1.283028e+01	3.868367e+02	6.113087e+01
264           	trup	1.282902e+01	3.868549e+02	6.111727e+01
265           	trup	1.279525e+01	3.868740e+02	6.110404e+01
266           	trup	1.283595e+01	3.868939e+02	6.109118e+01
267           	trup	1.284025e+01	3.869147e+02	6.107871e+01
268           	trup	1.254316e+01	3.869364e+02	6.106660e+01
269           	trup	1.223074e+01	3.869589e+02	6.105484e+01
270           	trup	1.193589e+01	3.869821e+02	6.104345e+01
271           	trup	1.165722e+01	3.870060e+02	6.103240e+01
272           	trup	1.139370e+01	3.870306e+02	6.102170e+01
273           	trup	1.114475e+01	3.870557e+02	6.101134e+01
274           	trup	1.091023e+01	3.870815e+02	6.100131e+01
275           	trup	1.069008e+01	3.871077e+02	6.099161e+01
276           	trup	1.048397e+01	3.871344e+02	6.098223e+01
277           	trup	1.029225e+01	3.871615e+02	6.097319e+01
278           	trup	1.011358e+01	3.871889e+02	6.096445e+01
279           	trup	9.942876e+00	3.872167e+02	6.095579e+01
280           	trup	9.776867e+00	3.872447e+02	6.094734e+01
281           	trup	9.616331e+00	3.872729e+02	6.093918e+01
282           	trup	9.463530e+00	3.873011e+02	6.093131e+01
283           	trup	9.321637e+00	3.873292e+02	6.092374e+01
284           	trup	9.192877e+00	3.873572e+02	6.091644e+01
285           	trup	9.077981e+00	3.873850e+02	6.090941e+01
286           	trup	8.976558e+00	3.874124e+02	6.090264e+01
287           	trup	8.887487e+00	3.874396e+02	6.089612e+01
288           	trup	8.809076e+00	3.874665e+02	6.088985e+01
289           	trup	8.739453e+00	3.874932e+02	6.088382e+01
290           	trup	8.676724e+00	3.875196e+02	6.087803e+01
291           	trup	8.619250e+00	3.875458e+02	6.087249e+01
292           	trup	8.565813e+00	3.875716e+02	6.086718e+01
293           	trup	8.515759e+00	3.875970e+02	6.086209e+01
294           	trup	8.468447e+00	3.876219e+02	6.085724e+01
295           	trup	8.424413e+00	3.876464e+02	6.085260e+01
296           	trup	8.383800e+00	3.876703e+02	6.084818e+01
297           	trup	8.346811e+00	3.876937e+02	6.084397e+01
298           	trup	8.313542e+00	3.877166e+02	6.083997e+01
299           	trup	8.284025e+00	3.877388e+02	6.083617e+01
300           	trup	8.258049e+00	3.877606e+02	6.083257e+01
301           	trup	8.235315e+00	3.877817e+02	6.082917e+01
302           	trup	8.215440e+00	3.878024e+02	6.082596e+01
303           	trup	8.198068e+00	3.878226e+02	6.082295e+01
304           	trup	8.182891e+00	3.878424e+02	6.082012e+01
305           	trup	8.169679e+00	3.878619e+02	6.081748e+01
306           	trup	8.158306e+00	3.878809e+02	6.081501e+01
307           	trup	8.148623e+00	3.878996e+02	6.081271e+01
308           	trup	8.140564e+00	3.879181e+02	6.081059e+01
309           	trup	8.134047e+00	3.879365e+02	6.080864e+01
310           	trup	8.128987e+00	3.879547e+02	6.080686e+01
311           	trup	8.125312e+00	3.879730e+02	6.080525e+01
312           	trup	8.122942e+00	3.879912e+02	6.080379e+01
313           	trup	8.121796e+00	3.880096e+02	6.080250e+01
314           	trup	8.121842e+00	3.880280e+02	6.080137e+01
315           	trup	8.122974e+00	3.880465e+02	6.080038e+01
316           	trup	8.111350e+00	3.880652e+02	6.079955e+01
317           	trup	8.087898e+00	3.880839e+02	6.079886e+01
318           	trup	8.067549e+00	3.881029e+02	6.079832e+01
319           	trup	8.050171e+00	3.881222e+02	6.079792e+01
320           	trup	8.035559e+00	3.881417e+02	6.079766e+01
321           	trup	8.023552e+00	3.881617e+02	6.079755e+01
322           	trup	8.013986e+00	3.881822e+02	6.079757e+01
323           	trup	8.006702e+00	3.882032e+02	6.079772e+01
324           	trup	8.001559e+00	3.882247e+02	6.079801e+01
325           	trup	7.998436e+00	3.882468e+02	6.079842e+01
326           	trup	7.997203e+00	3.882696e+02	6.079895e+01
327           	trup	7.997677e+00	3.882929e+02	6.079961e+01
328           	trup	7.999706e+00	3.883168e+02	6.080038e+01
329           	trup	8.003147e+00	3.883411e+02	6.080128e+01
330           	trup	8.007901e+00	3.883661e+02	6.080228e+01
331           	trup	8.013886e+00	3.883915e+02	6.080340e+01
332           	trup	8.020979e+00	3.884175e+02	6.080463e+01
333           	trup	8.029095e+00	3.884440e+02	6.080596e+01
334           	trup	8.038059e+00	3.884710e+02	6.080740e+01
335           	trup	8.047742e+00	3.884984e+02	6.080894e+01
336           	trup	8.058009e+00	3.885263e+02	6.081058e+01
337           	trup	8.068735e+00	3.885548e+02	6.081231e+01
338           	trup	8.079810e+00	3.885837e+02	6.081414e+01
339           	trup	8.091164e+00	3.886131e+02	6.081605e+01
340           	trup	8.102734e+00	3.886429e+02	6.081805e+01
341           	trup	8.114468e+00	3.886732e+02	6.082014e+01
342           	trup	8.126316e+00	3.887038e+02	6.082231e+01
343           	trup	8.138224e+00	3.887346e+02	6.082455e+01
344           	trup	8.150153e+00	3.887656e+02	6.082688e+01
345           	trup	8.162053e+00	3.887967e+02	6.082927e+01
346           	trup	8.173871e+00	3.888278e+02	6.083173e+01
347           	trup	8.185535e+00	3.888589e+02	6.083426e+01
348           	trup	8.196982e+00	3.888899e+02	6.083685e+01
349           	trup	8.208177e+00	3.889209e+02	6.083950e+01
350           	trup	8.219082e+00	3.889519e+02	6.084222e+01
351           	trup	8.229671e+00	3.889826e+02	6.084499e+01
352           	trup	8.239922e+00	3.890133e+02	6.084782e+01
353           	trup	8.249813e+00	3.890439e+02	6.085071e+01
354           	trup	8.259350e+00	3.890744e+02	6.085364e+01
355           	trup	8.268535e+00	3.891049e+02	6.085662e+01
356           	trup	8.277376e+00	3.891352e+02	6.085965e+01
357           	trup	8.285881e+00	3.891653e+02	6.086271e+01
358           	trup	8.294057e+00	3.891952e+02	6.086582e+01
359           	trup	8.301933e+00	3.892247e+02	6.086896e+01
360           	trup	8.309529e+00	3.892538e+02	6.087214e+01
361           	trup	8.316865e+00	3.892827e+02	6.087535e+01
362           	trup	8.323955e+00	3.893112e+02	6.087860e+01
363           	trup	8.330813e+00	3.893394e+02	6.088188e+01
364           	trup	8.337476e+00	3.893673e+02	6.088520e+01
365           	trup	8.343977e+00	3.893950e+02	6.088854e+01
366           	trup	8.350348e+00	3.894223e+02	6.089191e+01
367           	trup	8.356618e+00	3.894495e+02	6.089530e+01
368           	trup	8.362808e+00	3.894764e+02	6.089872e+01
369           	trup	8.368933e+00	3.895033e+02	6.090216e+01
370           	trup	8.375032e+00	3.895301e+02	6.090561e+01
371           	trup	8.381131e+00	3.895570e+02	6.090909e+01
372           	trup	8.387268e+00	3.895840e+02	6.091259e+01
373           	trup	8.393470e+00	3.896111e+02	6.091610e+01
374           	trup	8.399759e+00	3.896381e+02	6.091963e+01
375           	trup	8.406149e+00	3.896652e+02	6.092316e+01
376           	trup	8.412683e+00	3.896923e+02	6.092671e+01
377           	trup	8.419398e+00	3.897195e+02	6.093026e+01
378           	trup	8.426321e+00	3.897468e+02	6.093381e+01
379           	trup	8.433478e+00	3.897744e+02	6.093737e+01
380           	trup	8.440892e+00	3.898022e+02	6.094094e+01
381           	trup	8.448580e+00	3.898303e+02	6.094451e+01
382           	trup	8.456550e+00	3.898589e+02	6.094807e+01
383           	trup	8.464813e+00	3.898879e+02	6.095165e+01
384           	trup	8.473407e+00	3.899174e+02	6.095522e+01
385           	trup	8.482360e+00	3.899475e+02	6.095880e+01
386           	trup	8.491699e+00	3.899781e+02	6.096237e+01
387           	trup	8.501443e+00	3.900092e+02	6.096593e+01
388           	trup	8.511604e+00	3.900409e+02	6.096949e+01
389           	trup	8.522192e+00	3.900731e+02	6.097304e+01
390           	trup	8.533207e+00	3.901058e+02	6.097658e+01
391           	trup	8.544654e+00	3.901390e+02	6.098011e+01
392           	trup	8.556562e+00	3.901728e+02	6.098364e+01
393           	trup	8.568955e+00	3.902071e+02	6.098715e+01
394           	trup	8.581861e+00	3.902420e+02	6.099066e+01
395           	trup	8.595295e+00	3.902774e+02	6.099415e+01
396           	trup	8.609269e+00	3.903133e+02	6.099764e+01
397           	trup	8.623792e+00	3.903498e+02	6.100110e+01
398           	trup	8.638870e+00	3.903868e+02	6.100455e+01
399           	trup	8.654501e+00	3.904244e+02	6.100798e+01
400           	trup	8.670686e+00	3.904625e+02	6.101140e+01
401           	trup	8.687454e+00	3.905012e+02	6.101480e+01
402           	trup	8.704814e+00	3.905404e+02	6.101817e+01
403           	trup	8.722779e+00	3.905800e+02	6.102152e+01
404           	trup	8.741360e+00	3.906200e+02	6.102485e+01
405           	trup	8.760559e+00	3.906604e+02	6.102816e+01
406           	trup	8.780373e+00	3.907010e+02	6.103144e+01
407           	trup	8.800790e+00	3.907419e+02	6.103469e+01
408           	trup	8.821793e+00	3.907829e+02	6.103793e+01
409           	trup	8.843363e+00	3.908241e+02	6.104113e+01
410           	trup	8.865521e+00	3.908653e+02	6.104431e+01
411           	trup	8.888275e+00	3.909067e+02	6.104746e+01
412           	trup	8.911634e+00	3.909482e+02	6.105058e+01
413           	trup	8.935604e+00	3.909898e+02	6.105368e+01
414           	trup	8.960186e+00	3.910316e+02	6.105675e+01
415           	trup	8.985362e+00	3.910735e+02	6.105978e+01
416           	trup	9.011119e+00	3.911156e+02	6.106279e+01
417           	trup	9.037447e+00	3.911577e+02	6.106576e+01
418           	trup	9.064316e+00	3.911997e+02	6.106870e+01
419           	trup	9.091694e+00	3.912414e+02	6.107160e+01
420           	trup	9.119588e+00	3.912830e+02	6.107447e+01
421           	trup	9.147999e+00	3.913243e+02	6.107730e+01
422           	trup	9.176931e+00	3.913654e+02	6.108010e+01
423           	trup	9.206385e+00	3.914062e+02	6.108286e+01
424           	trup	9.236346e+00	3.914469e+02	6.108559e+01
425           	trup	9.266791e+00	3.914874e+02	6.108828e+01
426           	trup	9.297689e+00	3.915278e+02	6.109093e+01
427           	trup	9.329004e+00	3.915680e+02	6.109354e+01
428           	trup	9.360711e+00	3.916080e+02	6.109612e+01
429           	trup	9.392795e+00	3.916478e+02	6.109866e+01
430           	trup	9.425254e+00	3.916874e+02	6.110115e+01
431           	trup	9.458073e+00	3.917267e+02	6.110361e+01
432           	trup	9.491234e+00	3.917657e+02	6.110604e+01
433           	trup	9.524713e+00	3.918045e+02	6.110842e+01
434           	trup	9.558481e+00	3.918430e+02	6.111076e+01
435           	trup	9.592517e+00	3.918812e+02	6.111306e+01
436           	trup	9.626793e+00	3.919192e+02	6.111532e+01
437           	trup	9.661294e+00	3.919569e+02	6.111755e+01
438           	trup	9.696007e+00	3.919943e+02	6.111973e+01
439           	trup	9.730910e+00	3.920315e+02	6.112187e+01
440           	trup	9.765987e+00	3.920685e+02	6.112397e+01
441           	trup	9.801216e+00	3.921054e+02	6.112604e+01
442           	trup	9.836571e+00	3.921422e+02	6.112806e+01
443           	trup	9.872017e+00	3.921788e+02	6.113004e+01
444           	trup	9.907530e+00	3.922153e+02	6.113198e+01
445           	trup	9.943074e+00	3.922516e+02	6.113388e+01
446           	trup	9.978628e+00	3.922878e+02	6.113574e+01
447           	trup	1.001417e+01	3.923238e+02	6.113757e+01
448           	trup	1.004969e+01	3.923596e+02	6.113936e+01
449           	trup	1.008516e+01	3.923954e+02	6.114111e+01
450           	trup	1.012058e+01	3.924312e+02	6.114283e+01
451           	trup	1.015591e+01	3.924670e+02	6.114451e+01
452           	trup	1.019113e+01	3.925028e+02	6.114615e+01
453           	trup	1.022621e+01	3.925387e+02	6.114776e+01
454           	trup	1.026112e+01	3.925747e+02	6.114934e+01
455           	trup	1.029581e+01	3.926107e+02	6.115088e+01
456           	trup	1.033028e+01	3.926468e+02	6.115239e+01
457           	trup	1.036449e+01	3.926829e+02	6.115386e+01
458           	trup	1.039843e+01	3.927189e+02	6.115530e+01
459           	trup	1.043211e+01	3.927550e+02	6.115670e+01
460           	trup	1.046548e+01	3.927914e+02	6.115807e+01
461           	trup	1.049853e+01	3.928280e+02	6.115940e+01
462           	trup	1.053124e+01	3.928650e+02	6.116070e+01
463           	trup	1.056360e+01	3.929024e+02	6.116196e+01
464           	trup	1.059557e+01	3.929400e+02	6.116319e+01
465           	trup	1.062712e+01	3.929780e+02	6.116439e+01
466           	trup	1.065823e+01	3.930162e+02	6.116556e+01
467           	trup	1.068888e+01	3.930548e+02	6.116669e+01
468           	trup	1.071904e+01	3.930936e+02	6.116780e+01
469           	trup	1.074869e+01	3.931328e+02	6.116887e+01
470           	trup	1.077784e+01	3.931723e+02	6.116992e+01
471           	trup	1.080647e+01	3.932121e+02	6.117094e+01
472           	trup	1.083459e+01	3.932524e+02	6.117192e+01
473           	trup	1.086219e+01	3.932931e+02	6.117287e+01
474           	trup	1.088925e+01	3.933342e+02	6.117379e+01
475           	trup	1.091577e+01	3.933758e+02	6.117467e+01
476           	trup	1.094174e+01	3.934180e+02	6.117553e+01
477           	trup	1.096713e+01	3.934605e+02	6.117635e+01
478           	trup	1.099193e+01	3.935035e+02	6.117714e+01
479           	trup	1.101611e+01	3.935468e+02	6.117791e+01
480           	trup	1.103967e+01	3.935905e+02	6.117866e+01
481           	trup	1.106261e+01	3.936347e+02	6.117938e+01
482           	trup	1.108493e+01	3.936794e+02	6.118006e+01
483           	trup	1.110662e+01	3.937246e+02	6.118072e+01
484           	trup	1.112770e+01	3.937702e+02	6.118136e+01
485           	trup	1.114815e+01	3.938162e+02	6.118197e+01
486           	trup	1.116801e+01	3.938626e+02	6.118255e+01
487           	trup	1.118727e+01	3.939094e+02	6.118311e+01
488           	trup	1.120593e+01	3.939566e+02	6.118364e+01
489           	trup	1.122399e+01	3.940041e+02	6.118415e+01
490           	trup	1.124145e+01	3.940520e+02	6.118463e+01
491           	trup	1.125830e+01	3.941002e+02	6.118508e+01
492           	trup	1.127454e+01	3.941487e+02	6.118550e+01
493           	trup	1.129017e+01	3.941974e+02	6.118590e+01
494           	trup	1.130519e+01	3.942464e+02	6.118627e+01
495           	trup	1.131961e+01	3.942956e+02	6.118662e+01
496           	trup	1.133343e+01	3.943451e+02	6.118695e+01
497           	trup	1.134664e+01	3.943947e+02	6.118724e+01
498           	trup	1.135925e+01	3.944445e+02	6.118752e+01
499           	trup	1.137128e+01	3.944946e+02	6.118777e+01
500           	trup	1.138272e+01	3.945449e+02	6.118799e+01
501           	trup	1.139359e+01	3.945953e+02	6.118819e+01
502           	trup	1.140392e+01	3.946457e+02	6.118836e+01
503           	trup	1.141369e+01	3.946962e+02	6.118850e+01
504           	trup	1.142303e+01	3.947466e+02	6.118862e+01
505           	trup	1.143176e+01	3.947970e+02	6.118872e+01
506           	trup	1.144000e+01	3.948475e+02	6.118878e+01
507           	trup	1.144774e+01	3.948981e+02	6.118883e+01
508           	trup	1.145503e+01	3.949488e+02	6.118885e+01
509           	trup	1.146186e+01	3.949995e+02	6.118885e+01
510           	trup	1.146825e+01	3.950500e+02	6.118882e+01
511           	trup	1.147420e+01	3.951006e+02	6.118877e+01
512           	trup	1.147970e+01	3.951510e+02	6.118870e+01
513           	trup	1.148477e+01	3.952014e+02	6.118860e+01
514           	trup	1.148943e+01	3.952516e+02	6.118848e+01
515           	trup	1.149366e+01	3.953018e+02	6.118834e+01
516           	trup	1.149748e+01	3.953518e+02	6.118817e+01
517           	trup	1.150088e+01	3.954018e+02	6.118797e+01
518           	trup	1.150387e+01	3.954517e+02	6.118775e+01
519           	trup	1.150643e+01	3.955015e+02	6.118751e+01
520           	trup	1.150858e+01	3.955512e+02	6.118724e+01
521           	trup	1.151032e+01	3.956008e+02	6.118696e+01
522           	trup	1.151165e+01	3.956502e+02	6.118665e+01
523           	trup	1.151259e+01	3.956995e+02	6.118632e+01
524           	trup	1.151314e+01	3.957485e+02	6.118597e+01
525           	trup	1.151330e+01	3.957974e+02	6.118560e+01
526           	trup	1.151310e+01	3.958461e+02	6.118520e+01
527           	trup	1.151254e+01	3.958946e+02	6.118478e+01
528           	trup	1.151162e+01	3.959430e+02	6.118435e+01
529           	trup	1.151035e+01	3.959913e+02	6.118389e+01
530           	trup	1.150874e+01	3.960393e+02	6.118342e+01
531           	trup	1.150678e+01	3.960872e+02	6.118293e+01
532           	trup	1.150450e+01	3.961349e+02	6.118241e+01
533           	trup	1.150190e+01	3.961825e+02	6.118188e+01
534           	trup	1.149899e+01	3.962298e+02	6.118134e+01
535           	trup	1.149578e+01	3.962770e+02	6.118077e+01
536           	trup	1.149227e+01	3.963239e+02	6.118020e+01
537           	trup	1.148847e+01	3.963706e+02	6.117961e+01
538           	trup	1.148438e+01	3.964171e+02	6.117900e+01
539           	trup	1.148000e+01	3.964634e+02	6.117838e+01
540           	trup	1.147534e+01	3.965094e+02	6.117774e+01
541           	trup	1.147041e+01	3.965553e+02	6.117708e+01
542           	trup	1.146520e+01	3.966011e+02	6.117641e+01
543           	trup	1.145973e+01	3.966466e+02	6.117572e+01
544           	trup	1.145401e+01	3.966919e+02	6.117501e+01
545           	trup	1.144803e+01	3.967371e+02	6.117429e+01
546           	trup	1.144181e+01	3.967819e+02	6.117356e+01
547           	trup	1.143533e+01	3.968266e+02	6.117280e+01
548           	trup	1.142860e+01	3.968711e+02	6.117203e+01
549           	trup	1.142162e+01	3.969154e+02	6.117125e+01
550           	trup	1.141432e+01	3.969594e+02	6.117044e+01
551           	trup	1.140686e+01	3.970033e+02	6.116963e+01
552           	trup	1.139917e+01	3.970470e+02	6.116880e+01
553           	trup	1.139125e+01	3.970905e+02	6.116795e+01
554           	trup	1.138309e+01	3.971338e+02	6.116709e+01
555           	trup	1.137471e+01	3.971767e+02	6.116622e+01
556           	trup	1.136613e+01	3.972194e+02	6.116533e+01
557           	trup	1.135734e+01	3.972618e+02	6.116444e+01
558           	trup	1.134833e+01	3.973040e+02	6.116352e+01
559           	trup	1.133910e+01	3.973460e+02	6.116260e+01
560           	trup	1.132965e+01	3.973877e+02	6.116166e+01
561           	trup	1.131999e+01	3.974291e+02	6.116071e+01
562           	trup	1.131016e+01	3.974704e+02	6.115975e+01
563           	trup	1.130014e+01	3.975113e+02	6.115879e+01
564           	trup	1.128996e+01	3.975519e+02	6.115780e+01
565           	trup	1.127961e+01	3.975923e+02	6.115681e+01
566           	trup	1.126906e+01	3.976325e+02	6.115581e+01
567           	trup	1.125832e+01	3.976725e+02	6.115480e+01
568           	trup	1.124739e+01	3.977122e+02	6.115378e+01
569           	trup	1.123629e+01	3.977517e+02	6.115275e+01
570           	trup	1.122502e+01	3.977909e+02	6.115171e+01
571           	trup	1.121358e+01	3.978299e+02	6.115066e+01
572           	trup	1.120198e+01	3.978687e+02	6.114960e+01
573           	trup	1.119020e+01	3.979071e+02	6.114854e+01
574           	trup	1.117825e+01	3.979453e+02	6.114747e+01
575           	trup	1.116614e+01	3.979833e+02	6.114639e+01
576           	trup	1.115388e+01	3.980211e+02	6.114531e+01
577           	trup	1.114146e+01	3.980586e+02	6.114423e+01
578           	trup	1.112888e+01	3.980959e+02	6.114314e+01
579           	trup	1.111614e+01	3.981330e+02	6.114204e+01
580           	trup	1.110323e+01	3.981698e+02	6.114094e+01
581           	trup	1.109016e+01	3.982063e+02	6.113984e+01
582           	trup	1.107694e+01	3.982427e+02	6.113873e+01
583           	trup	1.106357e+01	3.982787e+02	6.113763e+01
584           	trup	1.105004e+01	3.983145e+02	6.113651e+01
585           	trup	1.103634e+01	3.983501e+02	6.113540e+01
586           	trup	1.102247e+01	3.983855e+02	6.113427e+01
587           	trup	1.100842e+01	3.984206e+02	6.113315e+01
588           	trup	1.099423e+01	3.984555e+02	6.113201e+01
589           	trup	1.097988e+01	3.984901e+02	6.113088e+01
590           	trup	1.096538e+01	3.985246e+02	6.112975e+01
591           	trup	1.095071e+01	3.985587e+02	6.112861e+01
592           	trup	1.093588e+01	3.985926e+02	6.112748e+01
593           	trup	1.092089e+01	3.986264e+02	6.112634e+01
594           	trup	1.090574e+01	3.986600e+02	6.112519e+01
595           	trup	1.089045e+01	3.986934e+02	6.112405e+01
596           	trup	1.087501e+01	3.987266e+02	6.112290e+01
597           	trup	1.085940e+01	3.987597e+02	6.112176e+01
598           	trup	1.084361e+01	3.987926e+02	6.112061e+01
599           	trup	1.082767e+01	3.988253e+02	6.111945e+01
600           	trup	1.081154e+01	3.988580e+02	6.111830e+01
601           	trup	1.079522e+01	3.988905e+02	6.111713e+01
602           	trup	1.077870e+01	3.989229e+02	6.111597e+01
603           	trup	1.076199e+01	3.989551e+02	6.111481e+01
604           	trup	1.074509e+01	3.989872e+02	6.111364e+01
605           	trup	1.072799e+01	3.990192e+02	6.111248e+01
606           	trup	1.071071e+01	3.990511e+02	6.111132e+01
607           	trup	1.069323e+01	3.990828e+02	6.111015e+01
608           	trup	1.067556e+01	3.991145e+02	6.110899e+01
609           	trup	1.065767e+01	3.991461e+02	6.110783e+01
610           	trup	1.063956e+01	3.991775e+02	6.110667e+01
611           	trup	1.062122e+01	3.992089e+02	6.110551e+01
612           	trup	1.060267e+01	3.992402e+02	6.110435e+01
613           	trup	1.058389e+01	3.992713e+02	6.110319e+01
614           	trup	1.056488e+01	3.993023e+02	6.110203e+01
615           	trup	1.054565e+01	3.993333e+02	6.110087e+01
616           	trup	1.052617e+01	3.993641e+02	6.109972e+01
617           	trup	1.050644e+01	3.993950e+02	6.109856e+01
618           	trup	1.048646e+01	3.994257e+02	6.109740e+01
619           	trup	1.046623e+01	3.994565e+02	6.109625e+01
620           	trup	1.044577e+01	3.994871e+02	6.109509e+01
621           	trup	1.042507e+01	3.995177e+02	6.109393e+01
622           	trup	1.040412e+01	3.995483e+02	6.109278e+01
623           	trup	1.038292e+01	3.995788e+02	6.109163e+01
624           	trup	1.036147e+01	3.996092e+02	6.109049e+01
625           	trup	1.033976e+01	3.996396e+02	6.108934e+01
626           	trup	1.031779e+01	3.996699e+02	6.108821e+01
627           	trup	1.029556e+01	3.997001e+02	6.108707e+01
628           	trup	1.027307e+01	3.997303e+02	6.108593e+01
629           	trup	1.025034e+01	3.997604e+02	6.108481e+01
630           	trup	1.022735e+01	3.997904e+02	6.108368e+01
631           	trup	1.020409e+01	3.998203e+02	6.108255e+01
632           	trup	1.018057e+01	3.998502e+02	6.108143e+01
633           	trup	1.015682e+01	3.998799e+02	6.108030e+01
634           	trup	1.013283e+01	3.999096e+02	6.107918e+01
635           	trup	1.010860e+01	3.999391e+02	6.107807e+01
636           	trup	1.008413e+01	3.999686e+02	6.107695e+01
637           	trup	1.005936e+01	3.999980e+02	6.107584e+01
638           	trup	1.003430e+01	4.000273e+02	6.107474e+01
639           	trup	1.000894e+01	4.000564e+02	6.107364e+01
640           	trup	9.983287e+00	4.000855e+02	6.107254e+01
641           	trup	9.957378e+00	4.001143e+02	6.107145e+01
642           	trup	9.931247e+00	4.001431e+02	6.107036e+01
643           	trup	9.904894e+00	4.001716e+02	6.106928e+01
644           	trup	9.878299e+00	4.002000e+02	6.106819e+01
645           	trup	9.851447e+00	4.002282e+02	6.106711e+01
646           	trup	9.824309e+00	4.002562e+02	6.106604e+01
647           	trup	9.796853e+00	4.002840e+02	6.106496e+01
648           	trup	9.769067e+00	4.003115e+02	6.106389e+01
649           	trup	9.740930e+00	4.003388e+02	6.106282e+01
650           	trup	9.712438e+00	4.003658e+02	6.106175e+01
651           	trup	9.683596e+00	4.003926e+02	6.106068e+01
652           	trup	9.654413e+00	4.004192e+02	6.105962e+01
653           	trup	9.624906e+00	4.004454e+02	6.105857e+01
654           	trup	9.595102e+00	4.004713e+02	6.105752e+01
655           	trup	9.565023e+00	4.004968e+02	6.105647e+01
656           	trup	9.534699e+00	4.005220e+02	6.105543e+01
657           	trup	9.504125e+00	4.005468e+02	6.105440e+01
658           	trup	9.473298e+00	4.005713e+02	6.105337e+01
659           	trup	9.442191e+00	4.005953e+02	6.105234e+01
660           	trup	9.410783e+00	4.006189e+02	6.105133e+01
661           	trup	9.379069e+00	4.006421e+02	6.105032e+01
662           	trup	9.347040e+00	4.006648e+02	6.104931e+01
663           	trup	9.314693e+00	4.006870e+02	6.104832e+01
664           	trup	9.282039e+00	4.007088e+02	6.104732e+01
665           	trup	9.249074e+00	4.007301e+02	6.104634e+01
666           	trup	9.215784e+00	4.007509e+02	6.104536e+01
667           	trup	9.182163e+00	4.007711e+02	6.104440e+01
668           	trup	9.148229e+00	4.007908e+02	6.104343e+01
669           	trup	9.113986e+00	4.008100e+02	6.104248e+01
670           	trup	9.079442e+00	4.008287e+02	6.104152e+01
671           	trup	9.044585e+00	4.008469e+02	6.104058e+01
672           	trup	9.009416e+00	4.008645e+02	6.103964e+01
673           	trup	8.973923e+00	4.008815e+02	6.103871e+01
674           	trup	8.938092e+00	4.008979e+02	6.103779e+01
675           	trup	8.901932e+00	4.009138e+02	6.103686e+01
676           	trup	8.865430e+00	4.009292e+02	6.103595e+01
677           	trup	8.828605e+00	4.009439e+02	6.103504e+01
678           	trup	8.791452e+00	4.009581e+02	6.103414e+01
679           	trup	8.753961e+00	4.009718e+02	6.103325e+01
680           	trup	8.716138e+00	4.009849e+02	6.103236e+01
681           	trup	8.677966e+00	4.009975e+02	6.103147e+01
682           	trup	8.639460e+00	4.010096e+02	6.103059e+01
683           	trup	8.600614e+00	4.010212e+02	6.102972e+01
684           	trup	8.561422e+00	4.010323e+02	6.102885e+01
685           	trup	8.521893e+00	4.010428e+02	6.102798e+01
686           	trup	8.482019e+00	4.010528e+02	6.102712e+01
687           	trup	8.441805e+00	4.010623e+02	6.102627e+01
688           	trup	8.401247e+00	4.010713e+02	6.102543e+01
689           	trup	8.360345e+00	4.010798e+02	6.102459e+01
690           	trup	8.319124e+00	4.010879e+02	6.102376e+01
691           	trup	8.277584e+00	4.010954e+02	6.102294e+01
692           	trup	8.235742e+00	4.011026e+02	6.102212e+01
693           	trup	8.193604e+00	4.011093e+02	6.102131e+01
694           	trup	8.151175e+00	4.011156e+02	6.102050e+01
695           	trup	8.108465e+00	4.011215e+02	6.101970e+01
696           	trup	8.065507e+00	4.011271e+02	6.101890e+01
697           	trup	8.022304e+00	4.011323e+02	6.101811e+01
698           	trup	7.978879e+00	4.011372e+02	6.101733e+01
699           	trup	7.935247e+00	4.011417e+02	6.101656e+01
700           	trup	7.891423e+00	4.011460e+02	6.101579e+01
701           	trup	7.847266e+00	4.011501e+02	6.101503e+01
702           	trup	7.803101e+00	4.011539e+02	6.101428e+01
703           	trup	7.758830e+00	4.011575e+02	6.101354e+01
704           	trup	7.714476e+00	4.011610e+02	6.101281e+01
705           	trup	7.670078e+00	4.011642e+02	6.101209e+01
706           	trup	7.625649e+00	4.011673e+02	6.101138e+01
707           	trup	7.581205e+00	4.011702e+02	6.101068e+01
708           	trup	7.536765e+00	4.011730e+02	6.100998e+01
709           	trup	7.492360e+00	4.011757e+02	6.100929e+01
710           	trup	7.448056e+00	4.011782e+02	6.100860e+01
711           	trup	7.403900e+00	4.011807e+02	6.100792e+01
712           	trup	7.359944e+00	4.011831e+02	6.100724e+01
713           	trup	7.316225e+00	4.011854e+02	6.100657e+01
714           	trup	7.272770e+00	4.011877e+02	6.100591e+01
715           	trup	7.229613e+00	4.011899e+02	6.100526e+01
716           	trup	7.186793e+00	4.011921e+02	6.100460e+01
717           	trup	7.144365e+00	4.011943e+02	6.100396e+01
718           	trup	7.102388e+00	4.011965e+02	6.100332e+01
719           	trup	7.060950e+00	4.011988e+02	6.100269e+01
720           	trup	7.020112e+00	4.012011e+02	6.100207e+01
721           	trup	6.979932e+00	4.012035e+02	6.100145e+01
722           	trup	6.940455e+00	4.012060e+02	6.100085e+01
723           	trup	6.901709e+00	4.012086e+02	6.100025e+01
724           	trup	6.863727e+00	4.012113e+02	6.099966e+01
725           	trup	6.826547e+00	4.012141e+02	6.099907e+01
726           	trup	6.790212e+00	4.012169e+02	6.099849e+01
727           	trup	6.754780e+00	4.012199e+02	6.099791e+01
728           	trup	6.720315e+00	4.014445e+02	6.099734e+01
729           	trup	6.686883e+00	4.017089e+02	6.099677e+01
730           	trup	6.654551e+00	4.019735e+02	6.099620e+01
731           	trup	6.623375e+00	4.022384e+02	6.099564e+01
732           	trup	6.593405e+00	4.025033e+02	6.099508e+01
733           	trup	6.564700e+00	4.027683e+02	6.099452e+01
734           	trup	6.537294e+00	4.030333e+02	6.099396e+01
735           	trup	6.511218e+00	4.032983e+02	6.099341e+01
736           	trup	6.486524e+00	4.035631e+02	6.099286e+01
737           	trup	6.463230e+00	4.038278e+02	6.099232e+01
738           	trup	6.441368e+00	4.040922e+02	6.099177e+01
739           	trup	6.420958e+00	4.043564e+02	6.099123e+01
740           	trup	6.402013e+00	4.046203e+02	6.099069e+01
741           	trup	6.384552e+00	4.048838e+02	6.099015e+01
742           	trup	6.368599e+00	4.051468e+02	6.098961e+01
743           	trup	6.354176e+00	4.054094e+02	6.098907e+01
744           	trup	6.341307e+00	4.056715e+02	6.098854e+01
745           	trup	6.327592e+00	4.059330e+02	6.098801e+01
746           	trup	6.310722e+00	4.061939e+02	6.098748e+01
747           	trup	6.295396e+00	4.064541e+02	6.098696e+01
748           	trup	6.281620e+00	4.067136e+02	6.098644e+01
749           	trup	6.269398e+00	4.069724e+02	6.098594e+01
750           	trup	6.258737e+00	4.072304e+02	6.098543e+01
751           	trup	6.249644e+00	4.074876e+02	6.098493e+01
752           	trup	6.242111e+00	4.077439e+02	6.098443e+01
753           	trup	6.236143e+00	4.079994e+02	6.098393e+01
754           	trup	6.231728e+00	4.082538e+02	6.098343e+01
755           	trup	6.228840e+00	4.085073e+02	6.098294e+01
756           	trup	6.227445e+00	4.087596e+02	6.098244e+01
757           	trup	6.227504e+00	4.090109e+02	6.098195e+01
758           	trup	6.228979e+00	4.092611e+02	6.098146e+01
759           	trup	6.231839e+00	4.095100e+02	6.098097e+01
760           	trup	6.236057e+00	4.097577e+02	6.098048e+01
761           	trup	6.241604e+00	4.100042e+02	6.098000e+01
762           	trup	6.248450e+00	4.102493e+02	6.097952e+01
763           	trup	6.256557e+00	4.104931e+02	6.097904e+01
764           	trup	6.265878e+00	4.107354e+02	6.097856e+01
765           	trup	6.276359e+00	4.109763e+02	6.097808e+01
766           	trup	6.287944e+00	4.112156e+02	6.097761e+01
767           	trup	6.300581e+00	4.114534e+02	6.097714e+01
768           	trup	6.314225e+00	4.116896e+02	6.097667e+01
769           	trup	6.328830e+00	4.119241e+02	6.097620e+01
770           	trup	6.344352e+00	4.121570e+02	6.097573e+01
771           	trup	6.360750e+00	4.123881e+02	6.097526e+01
772           	trup	6.377980e+00	4.126174e+02	6.097479e+01
773           	trup	6.396003e+00	4.128449e+02	6.097431e+01
774           	trup	6.414782e+00	4.130705e+02	6.097384e+01
775           	trup	6.434278e+00	4.132943e+02	6.097336e+01
776           	trup	6.454461e+00	4.135161e+02	6.097289e+01
777           	trup	6.475296e+00	4.137359e+02	6.097242e+01
778           	trup	6.496753e+00	4.139537e+02	6.097195e+01
779           	trup	6.518801e+00	4.141695e+02	6.097149e+01
780           	trup	6.541409e+00	4.143832e+02	6.097103e+01
781           	trup	6.564546e+00	4.145948e+02	6.097057e+01
782           	trup	6.588185e+00	4.148042e+02	6.097012e+01
783           	trup	6.612294e+00	4.150115e+02	6.096966e+01
784           	trup	6.636842e+00	4.152165e+02	6.096921e+01
785           	trup	6.661800e+00	4.154192e+02	6.096876e+01
786           	trup	6.687141e+00	4.156197e+02	6.096831e+01
787           	trup	6.712842e+00	4.158179e+02	6.096786e+01
788           	trup	6.738877e+00	4.160137e+02	6.096741e+01
789           	trup	6.765224e+00	4.162071e+02	6.096696e+01
790           	trup	6.791862e+00	4.163982e+02	6.096650e+01
791           	trup	6.818767e+00	4.165868e+02	6.096605e+01
792           	trup	6.845918e+00	4.167731e+02	6.096559e+01
793           	trup	6.873289e+00	4.169568e+02	6.096513e+01
794           	trup	6.900856e+00	4.171381e+02	6.096467e+01
795           	trup	6.928600e+00	4.173169e+02	6.096421e+01
796           	trup	6.956500e+00	4.174932e+02	6.096375e+01
797           	trup	6.984539e+00	4.176670e+02	6.096329e+01
798           	trup	7.012700e+00	4.178382e+02	6.096283e+01
799           	trup	7.040967e+00	4.180069e+02	6.096237e+01
800           	trup	7.069324e+00	4.181730e+02	6.096191e+01
801           	trup	7.097761e+00	4.183366e+02	6.096145e+01
802           	trup	7.126267e+00	4.184976e+02	6.096099e+01
803           	trup	7.154828e+00	4.186560e+02	6.096052e+01
804           	trup	7.183436e+00	4.188118e+02	6.096005e+01
805           	trup	7.212082e+00	4.189651e+02	6.095959e+01
806           	trup	7.240754e+00	4.191157e+02	6.095912e+01
807           	trup	7.269438e+00	4.192638e+02	6.095865e+01
808           	trup	7.298118e+00	4.194093e+02	6.095817e+01
809           	trup	7.326780e+00	4.195522e+02	6.095770e+01
810           	trup	7.355409e+00	4.196926e+02	6.095722e+01
811           	trup	7.383989e+00	4.198304e+02	6.095674e+01
812           	trup	7.412506e+00	4.199656e+02	6.095625e+01
813           	trup	7.440936e+00	4.200984e+02	6.095577e+01
814           	trup	7.469264e+00	4.202285e+02	6.095528e+01
815           	trup	7.497476e+00	4.203562e+02	6.095479e+01
816           	trup	7.525564e+00	4.204814e+02	6.095430e+01
817           	trup	7.553520e+00	4.206041e+02	6.095381e+01
818           	trup	7.581330e+00	4.207243e+02	6.095332e+01
819           	trup	7.608983e+00	4.208421e+02	6.095283e+01
820           	trup	7.636474e+00	4.209574e+02	6.095233e+01
821           	trup	7.663803e+00	4.210703e+02	6.095184e+01
822           	trup	7.690969e+00	4.211808e+02	6.095135e+01
823           	trup	7.717972e+00	4.212890e+02	6.095085e+01
824           	trup	7.744813e+00	4.213947e+02	6.095035e+01
825           	trup	7.771494e+00	4.214982e+02	6.094985e+01
826           	trup	7.798014e+00	4.215992e+02	6.094935e+01
827           	trup	7.824373e+00	4.216980e+02	6.094885e+01
828           	trup	7.850572e+00	4.217945e+02	6.094834e+01
829           	trup	7.876755e+00	4.218887e+02	6.094783e+01
830           	trup	7.902608e+00	4.219807e+02	6.094732e+01
831           	trup	7.928286e+00	4.220704e+02	6.094681e+01
832           	trup	7.953784e+00	4.221578e+02	6.094630e+01
833           	trup	7.979100e+00	4.222431e+02	6.094579e+01
834           	trup	8.004230e+00	4.223262e+02	6.094528e+01
835           	trup	8.029171e+00	4.224071e+02	6.094477e+01
836           	trup	8.053925e+00	4.224859e+02	6.094426e+01
837           	trup	8.078492e+00	4.225625e+02	6.094376e+01
838           	trup	8.102870e+00	4.226369e+02	6.094325e+01
839           	trup	8.127055e+00	4.227093e+02	6.094274e+01
840           	trup	8.151044e+00	4.227795e+02	6.094223e+01
841           	trup	8.174840e+00	4.228477e+02	6.094172e+01
842           	trup	8.198442e+00	4.229138e+02	6.094121e+01
843           	trup	8.221845e+00	4.229779e+02	6.094070e+01
844           	trup	8.245047e+00	4.230399e+02	6.094018e+01
845           	trup	8.268046e+00	4.230998e+02	6.093967e+01
846           	trup	8.290844e+00	4.231578e+02	6.093915e+01
847           	trup	8.313436e+00	4.232138e+02	6.093864e+01
848           	trup	8.295343e+00	4.232678e+02	6.093812e+01
849           	trup	8.263316e+00	4.233198e+02	6.093760e+01
850           	trup	8.230347e+00	4.233699e+02	6.093708e+01
851           	trup	8.196471e+00	4.234181e+02	6.093656e+01
852           	trup	8.161721e+00	4.234643e+02	6.093604e+01
853           	trup	8.126126e+00	4.235087e+02	6.093552e+01
854           	trup	8.089722e+00	4.235512e+02	6.093500e+01
855           	trup	8.052542e+00	4.235919e+02	6.093448e+01
856           	trup	8.014620e+00	4.236307e+02	6.093396e+01
857           	trup	7.975985e+00	4.236678e+02	6.093344e+01
858           	trup	7.936659e+00	4.237030e+02	6.093292e+01
859           	trup	7.896669e+00	4.237365e+02	6.093240e+01
860           	trup	7.856044e+00	4.237683e+02	6.093187e+01
861           	trup	7.814658e+00	4.237983e+02	6.093134e+01
862           	trup	7.772868e+00	4.238265e+02	6.093082e+01
863           	trup	7.730558e+00	4.238531e+02	6.093028e+01
864           	trup	7.687764e+00	4.238779e+02	6.092975e+01
865           	trup	7.644521e+00	4.239011e+02	6.092922e+01
866           	trup	7.600871e+00	4.239226e+02	6.092868e+01
867           	trup	7.556846e+00	4.239424e+02	6.092815e+01
868           	trup	7.512477e+00	4.239607e+02	6.092762e+01
869           	trup	7.467787e+00	4.239773e+02	6.092708e+01
870           	trup	7.422794e+00	4.239923e+02	6.092655e+01
871           	trup	7.377532e+00	4.240057e+02	6.092602e+01
872           	trup	7.332026e+00	4.240176e+02	6.092549e+01
873           	trup	7.286308e+00	4.240280e+02	6.092496e+01
874           	trup	7.240423e+00	4.240369e+02	6.092442e+01
875           	trup	7.194561e+00	4.240443e+02	6.092389e+01
876           	trup	7.148833e+00	4.240503e+02	6.092336e+01
877           	trup	7.103212e+00	4.240548e+02	6.092283e+01
878           	trup	7.057638e+00	4.240580e+02	6.092230e+01
879           	trup	7.012066e+00	4.240597e+02	6.092177e+01
880           	trup	6.966481e+00	4.240601e+02	6.092124e+01
881           	trup	6.920912e+00	4.240592e+02	6.092071e+01
882           	trup	6.875410e+00	4.240570e+02	6.092019e+01
883           	trup	6.830039e+00	4.240535e+02	6.091965e+01
884           	trup	6.784867e+00	4.240488e+02	6.091913e+01
885           	trup	6.739958e+00	4.240428e+02	6.091859e+01
886           	trup	6.695373e+00	4.240356e+02	6.091807e+01
887           	trup	6.651153e+00	4.240273e+02	6.091754e+01
888           	trup	6.607325e+00	4.240178e+02	6.091701e+01
889           	trup	6.563900e+00	4.240073e+02	6.091647e+01
890           	trup	6.520882e+00	4.239956e+02	6.091594e+01
891           	trup	6.478278e+00	4.239829e+02	6.091541e+01
892           	trup	6.436095e+00	4.239691e+02	6.091488e+01
893           	trup	6.394336e+00	4.239544e+02	6.091435e+01
894           	trup	6.353010e+00	4.239387e+02	6.091382e+01
895           	trup	6.312131e+00	4.239220e+02	6.091330e+01
896           	trup	6.271733e+00	4.239044e+02	6.091277e+01
897           	trup	6.231886e+00	4.238860e+02	6.091225e+01
898           	trup	6.192634e+00	4.238666e+02	6.091173e+01
899           	trup	6.154007e+00	4.238464e+02	6.091121e+01
900           	trup	6.116010e+00	4.238254e+02	6.091070e+01
901           	trup	6.078646e+00	4.238036e+02	6.091018e+01
902           	trup	6.041913e+00	4.237810e+02	6.090965e+01
903           	trup	6.005801e+00	4.237576e+02	6.090913e+01
904           	trup	5.970305e+00	4.237334e+02	6.090862e+01
905           	trup	5.935424e+00	4.237086e+02	6.090810e+01
906           	trup	5.901164e+00	4.236830e+02	6.090759e+01
907           	trup	5.867533e+00	4.236568e+02	6.090707e+01
908           	trup	5.834535e+00	4.236299e+02	6.090656e+01
909           	trup	5.802179e+00	4.236023e+02	6.090605e+01
910           	trup	5.770473e+00	4.235741e+02	6.090554e+01
911           	trup	5.739431e+00	4.235453e+02	6.090504e+01
912           	trup	5.709062e+00	4.235159e+02	6.090454e+01
913           	trup	5.679367e+00	4.234859e+02	6.090404e+01
914           	trup	5.650348e+00	4.234553e+02	6.090355e+01
915           	trup	5.622015e+00	4.234241e+02	6.090306e+01
916           	trup	5.594392e+00	4.233924e+02	6.090257e+01
917           	trup	5.567508e+00	4.233602e+02	6.090209e+01
918           	trup	5.541380e+00	4.233274e+02	6.090161e+01
919           	trup	5.516018e+00	4.232941e+02	6.090112e+01
920           	trup	5.491420e+00	4.232603e+02	6.090064e+01
921           	trup	5.467589e+00	4.232259e+02	6.090016e+01
922           	trup	5.444533e+00	4.231911e+02	6.089968e+01
923           	trup	5.422261e+00	4.231558e+02	6.089920e+01
924           	trup	5.400779e+00	4.231200e+02	6.089873e+01
925           	trup	5.380094e+00	4.230838e+02	6.089826e+01
926           	trup	5.360208e+00	4.230471e+02	6.089780e+01
927           	trup	5.341129e+00	4.230099e+02	6.089735e+01
928           	trup	5.322879e+00	4.229723e+02	6.089690e+01
929           	trup	5.305472e+00	4.229342e+02	6.089645e+01
930           	trup	5.288925e+00	4.228957e+02	6.089600e+01
931           	trup	5.273255e+00	4.228567e+02	6.089555e+01
932           	trup	5.258481e+00	4.228172e+02	6.089510e+01
933           	trup	5.244624e+00	4.227773e+02	6.089466e+01
934           	trup	5.231703e+00	4.227370e+02	6.089421e+01
935           	trup	5.219734e+00	4.226962e+02	6.089377e+01
936           	trup	5.208726e+00	4.226549e+02	6.089333e+01
937           	trup	5.198685e+00	4.226131e+02	6.089289e+01
938           	trup	5.189609e+00	4.225709e+02	6.089245e+01
939           	trup	5.181502e+00	4.225282e+02	6.089201e+01
940           	trup	5.170038e+00	4.224851e+02	6.089158e+01
941           	trup	5.153501e+00	4.224415e+02	6.089115e+01
942           	trup	5.137804e+00	4.223974e+02	6.089072e+01
943           	trup	5.122965e+00	4.223528e+02	6.089029e+01
944           	trup	5.109000e+00	4.223077e+02	6.088986e+01
945           	trup	5.095919e+00	4.222622e+02	6.088943e+01
946           	trup	5.083730e+00	4.222162e+02	6.088900e+01
947           	trup	5.072454e+00	4.221696e+02	6.088858e+01
948           	trup	5.062108e+00	4.221226e+02	6.088817e+01
949           	trup	5.052711e+00	4.220751e+02	6.088776e+01
950           	trup	5.044284e+00	4.220270e+02	6.088735e+01
951           	trup	5.036832e+00	4.219785e+02	6.088695e+01
952           	trup	5.030357e+00	4.219294e+02	6.088655e+01
953           	trup	5.024856e+00	4.218799e+02	6.088615e+01
954           	trup	5.020325e+00	4.218298e+02	6.088576e+01
955           	trup	5.016759e+00	4.217792e+02	6.088536e+01
956           	trup	5.014166e+00	4.217281e+02	6.088497e+01
957           	trup	5.012548e+00	4.216766e+02	6.088459e+01
958           	trup	5.011899e+00	4.216245e+02	6.088420e+01
959           	trup	5.012211e+00	4.215720e+02	6.088382e+01
960           	trup	5.013478e+00	4.215189e+02	6.088345e+01
961           	trup	5.015697e+00	4.214654e+02	6.088308e+01
962           	trup	5.018871e+00	4.214115e+02	6.088271e+01
963           	trup	5.023007e+00	4.213571e+02	6.088234e+01
964           	trup	5.028095e+00	4.213024e+02	6.088198e+01
965           	trup	5.034120e+00	4.212472e+02	6.088162e+01
966           	trup	5.041065e+00	4.211916e+02	6.088126e+01
967           	trup	5.048912e+00	4.211357e+02	6.088091e+01
968           	trup	5.057640e+00	4.210793e+02	6.088055e+01
969           	trup	5.067233e+00	4.210227e+02	6.088019e+01
970           	trup	5.077677e+00	4.209657e+02	6.087983e+01
971           	trup	5.088956e+00	4.209084e+02	6.087948e+01
972           	trup	5.101051e+00	4.208508e+02	6.087913e+01
973           	trup	5.113946e+00	4.207929e+02	6.087878e+01
974           	trup	5.127630e+00	4.207347e+02	6.087843e+01
975           	trup	5.142092e+00	4.206762e+02	6.087809e+01
976           	trup	5.157318e+00	4.206176e+02	6.087775e+01
977           	trup	5.173288e+00	4.205587e+02	6.087741e+01
978           	trup	5.189992e+00	4.204996e+02	6.087707e+01
979           	trup	5.207414e+00	4.204403e+02	6.087674e+01
980           	trup	5.225529e+00	4.203809e+02	6.087641e+01
981           	trup	5.244309e+00	4.203213e+02	6.087608e+01
982           	trup	5.263727e+00	4.202615e+02	6.087576e+01
983           	trup	5.283763e+00	4.202016e+02	6.087543e+01
984           	trup	5.304401e+00	4.201416e+02	6.087511e+01
985           	trup	5.325626e+00	4.200815e+02	6.087478e+01
986           	trup	5.347427e+00	4.200212e+02	6.087446e+01
987           	trup	5.369798e+00	4.199609e+02	6.087414e+01
988           	trup	5.392734e+00	4.199004e+02	6.087381e+01
989           	trup	5.416222e+00	4.198399e+02	6.087349e+01
990           	trup	5.440245e+00	4.197794e+02	6.087317e+01
991           	trup	5.464781e+00	4.197187e+02	6.087286e+01
992           	trup	5.489809e+00	4.196580e+02	6.087254e+01
993           	trup	5.515311e+00	4.195972e+02	6.087223e+01
994           	trup	5.541264e+00	4.195364e+02	6.087192e+01
995           	trup	5.567649e+00	4.194755e+02	6.087161e+01
996           	trup	5.594453e+00	4.194145e+02	6.087130e+01
997           	trup	5.621664e+00	4.193535e+02	6.087099e+01
998           	trup	5.649275e+00	4.192924e+02	6.087068e+01
999           	trup	5.677280e+00	4.192313e+02	6.087037e+01
1000          	trup	5.705675e+00	4.191701e+02	6.087007e+01
