/*--------------------------------*- C++ -*----------------------------------*\
| =========                 |                                                 |
| \\      /  F ield         | OpenFOAM: The Open Source CFD Toolbox           |
|  \\    /   O peration     | Version:  2206                                  |
|   \\  /    A nd           | Website:  www.openfoam.com                      |
|    \\/     M anipulation  |                                                 |
\*---------------------------------------------------------------------------*/
FoamFile
{
    version     2.0;
    format      ascii;
    arch        "LSB;label=32;scalar=64";
    note        "nPoints:1701  nCells:1280  nFaces:4224  nInternalFaces:3456";
    class       labelList;
    location    "constant/polyMesh";
    object      neighbour;
}
// * * * * * * * * * * * * * * * * * * * * * * * * * * * * * * * * * * * * * //


3456
(
1
8
160
2
9
161
3
10
162
4
11
163
5
12
164
6
13
165
7
14
166
15
167
9
16
168
10
17
169
11
18
170
12
19
171
13
20
172
14
21
173
15
22
174
23
175
17
24
176
18
25
177
19
26
178
20
27
179
21
28
180
22
29
181
23
30
182
31
183
25
32
184
26
33
185
27
34
186
28
35
187
29
36
188
30
37
189
31
38
190
39
191
33
40
192
34
41
193
35
42
194
36
43
195
37
44
196
38
45
197
39
46
198
47
199
41
48
200
42
49
201
43
50
202
44
51
203
45
52
204
46
53
205
47
54
206
55
207
49
56
208
50
57
209
51
58
210
52
59
211
53
60
212
54
61
213
55
62
214
63
215
57
64
216
58
65
217
59
66
218
60
67
219
61
68
220
62
69
221
63
70
222
71
223
65
72
224
66
73
225
67
74
226
68
75
227
69
76
228
70
77
229
71
78
230
79
231
73
80
232
74
81
233
75
82
234
76
83
235
77
84
236
78
85
237
79
86
238
87
239
81
88
240
82
89
241
83
90
242
84
91
243
85
92
244
86
93
245
87
94
246
95
247
89
96
248
90
97
249
91
98
250
92
99
251
93
100
252
94
101
253
95
102
254
103
255
97
104
256
98
105
257
99
106
258
100
107
259
101
108
260
102
109
261
103
110
262
111
263
105
112
264
106
113
265
107
114
266
108
115
267
109
116
268
110
117
269
111
118
270
119
271
113
120
272
114
121
273
115
122
274
116
123
275
117
124
276
118
125
277
119
126
278
127
279
121
128
280
122
129
281
123
130
282
124
131
283
125
132
284
126
133
285
127
134
286
135
287
129
136
288
130
137
289
131
138
290
132
139
291
133
140
292
134
141
293
135
142
294
143
295
137
144
296
138
145
297
139
146
298
140
147
299
141
148
300
142
149
301
143
150
302
151
303
145
152
304
146
153
305
147
154
306
148
155
307
149
156
308
150
157
309
151
158
310
159
311
153
312
154
313
155
314
156
315
157
316
158
317
159
318
319
161
168
320
162
169
321
163
170
322
164
171
323
165
172
324
166
173
325
167
174
326
175
327
169
176
328
170
177
329
171
178
330
172
179
331
173
180
332
174
181
333
175
182
334
183
335
177
184
336
178
185
337
179
186
338
180
187
339
181
188
340
182
189
341
183
190
342
191
343
185
192
344
186
193
345
187
194
346
188
195
347
189
196
348
190
197
349
191
198
350
199
351
193
200
352
194
201
353
195
202
354
196
203
355
197
204
356
198
205
357
199
206
358
207
359
201
208
360
202
209
361
203
210
362
204
211
363
205
212
364
206
213
365
207
214
366
215
367
209
216
368
210
217
369
211
218
370
212
219
371
213
220
372
214
221
373
215
222
374
223
375
217
224
376
218
225
377
219
226
378
220
227
379
221
228
380
222
229
381
223
230
382
231
383
225
232
384
226
233
385
227
234
386
228
235
387
229
236
388
230
237
389
231
238
390
239
391
233
240
392
234
241
393
235
242
394
236
243
395
237
244
396
238
245
397
239
246
398
247
399
241
248
400
242
249
401
243
250
402
244
251
403
245
252
404
246
253
405
247
254
406
255
407
249
256
408
250
257
409
251
258
410
252
259
411
253
260
412
254
261
413
255
262
414
263
415
257
264
416
258
265
417
259
266
418
260
267
419
261
268
420
262
269
421
263
270
422
271
423
265
272
424
266
273
425
267
274
426
268
275
427
269
276
428
270
277
429
271
278
430
279
431
273
280
432
274
281
433
275
282
434
276
283
435
277
284
436
278
285
437
279
286
438
287
439
281
288
440
282
289
441
283
290
442
284
291
443
285
292
444
286
293
445
287
294
446
295
447
289
296
448
290
297
449
291
298
450
292
299
451
293
300
452
294
301
453
295
302
454
303
455
297
304
456
298
305
457
299
306
458
300
307
459
301
308
460
302
309
461
303
310
462
311
463
305
312
464
306
313
465
307
314
466
308
315
467
309
316
468
310
317
469
311
318
470
319
471
313
472
314
473
315
474
316
475
317
476
318
477
319
478
479
321
328
480
322
329
481
323
330
482
324
331
483
325
332
484
326
333
485
327
334
486
335
487
329
336
488
330
337
489
331
338
490
332
339
491
333
340
492
334
341
493
335
342
494
343
495
337
344
496
338
345
497
339
346
498
340
347
499
341
348
500
342
349
501
343
350
502
351
503
345
352
504
346
353
505
347
354
506
348
355
507
349
356
508
350
357
509
351
358
510
359
511
353
360
512
354
361
513
355
362
514
356
363
515
357
364
516
358
365
517
359
366
518
367
519
361
368
520
362
369
521
363
370
522
364
371
523
365
372
524
366
373
525
367
374
526
375
527
369
376
528
370
377
529
371
378
530
372
379
531
373
380
532
374
381
533
375
382
534
383
535
377
384
536
378
385
537
379
386
538
380
387
539
381
388
540
382
389
541
383
390
542
391
543
385
392
544
386
393
545
387
394
546
388
395
547
389
396
548
390
397
549
391
398
550
399
551
393
400
552
394
401
553
395
402
554
396
403
555
397
404
556
398
405
557
399
406
558
407
559
401
408
560
402
409
561
403
410
562
404
411
563
405
412
564
406
413
565
407
414
566
415
567
409
416
568
410
417
569
411
418
570
412
419
571
413
420
572
414
421
573
415
422
574
423
575
417
424
576
418
425
577
419
426
578
420
427
579
421
428
580
422
429
581
423
430
582
431
583
425
432
584
426
433
585
427
434
586
428
435
587
429
436
588
430
437
589
431
438
590
439
591
433
440
592
434
441
593
435
442
594
436
443
595
437
444
596
438
445
597
439
446
598
447
599
441
448
600
442
449
601
443
450
602
444
451
603
445
452
604
446
453
605
447
454
606
455
607
449
456
608
450
457
609
451
458
610
452
459
611
453
460
612
454
461
613
455
462
614
463
615
457
464
616
458
465
617
459
466
618
460
467
619
461
468
620
462
469
621
463
470
622
471
623
465
472
624
466
473
625
467
474
626
468
475
627
469
476
628
470
477
629
471
478
630
479
631
473
632
474
633
475
634
476
635
477
636
478
637
479
638
639
481
488
640
482
489
641
483
490
642
484
491
643
485
492
644
486
493
645
487
494
646
495
647
489
496
648
490
497
649
491
498
650
492
499
651
493
500
652
494
501
653
495
502
654
503
655
497
504
656
498
505
657
499
506
658
500
507
659
501
508
660
502
509
661
503
510
662
511
663
505
512
664
506
513
665
507
514
666
508
515
667
509
516
668
510
517
669
511
518
670
519
671
513
520
672
514
521
673
515
522
674
516
523
675
517
524
676
518
525
677
519
526
678
527
679
521
528
680
522
529
681
523
530
682
524
531
683
525
532
684
526
533
685
527
534
686
535
687
529
536
688
530
537
689
531
538
690
532
539
691
533
540
692
534
541
693
535
542
694
543
695
537
544
696
538
545
697
539
546
698
540
547
699
541
548
700
542
549
701
543
550
702
551
703
545
552
704
546
553
705
547
554
706
548
555
707
549
556
708
550
557
709
551
558
710
559
711
553
560
712
554
561
713
555
562
714
556
563
715
557
564
716
558
565
717
559
566
718
567
719
561
568
720
562
569
721
563
570
722
564
571
723
565
572
724
566
573
725
567
574
726
575
727
569
576
728
570
577
729
571
578
730
572
579
731
573
580
732
574
581
733
575
582
734
583
735
577
584
736
578
585
737
579
586
738
580
587
739
581
588
740
582
589
741
583
590
742
591
743
585
592
744
586
593
745
587
594
746
588
595
747
589
596
748
590
597
749
591
598
750
599
751
593
600
752
594
601
753
595
602
754
596
603
755
597
604
756
598
605
757
599
606
758
607
759
601
608
760
602
609
761
603
610
762
604
611
763
605
612
764
606
613
765
607
614
766
615
767
609
616
768
610
617
769
611
618
770
612
619
771
613
620
772
614
621
773
615
622
774
623
775
617
624
776
618
625
777
619
626
778
620
627
779
621
628
780
622
629
781
623
630
782
631
783
625
632
784
626
633
785
627
634
786
628
635
787
629
636
788
630
637
789
631
638
790
639
791
633
792
634
793
635
794
636
795
637
796
638
797
639
798
799
641
648
800
642
649
801
643
650
802
644
651
803
645
652
804
646
653
805
647
654
806
655
807
649
656
808
650
657
809
651
658
810
652
659
811
653
660
812
654
661
813
655
662
814
663
815
657
664
816
658
665
817
659
666
818
660
667
819
661
668
820
662
669
821
663
670
822
671
823
665
672
824
666
673
825
667
674
826
668
675
827
669
676
828
670
677
829
671
678
830
679
831
673
680
832
674
681
833
675
682
834
676
683
835
677
684
836
678
685
837
679
686
838
687
839
681
688
840
682
689
841
683
690
842
684
691
843
685
692
844
686
693
845
687
694
846
695
847
689
696
848
690
697
849
691
698
850
692
699
851
693
700
852
694
701
853
695
702
854
703
855
697
704
856
698
705
857
699
706
858
700
707
859
701
708
860
702
709
861
703
710
862
711
863
705
712
864
706
713
865
707
714
866
708
715
867
709
716
868
710
717
869
711
718
870
719
871
713
720
872
714
721
873
715
722
874
716
723
875
717
724
876
718
725
877
719
726
878
727
879
721
728
880
722
729
881
723
730
882
724
731
883
725
732
884
726
733
885
727
734
886
735
887
729
736
888
730
737
889
731
738
890
732
739
891
733
740
892
734
741
893
735
742
894
743
895
737
744
896
738
745
897
739
746
898
740
747
899
741
748
900
742
749
901
743
750
902
751
903
745
752
904
746
753
905
747
754
906
748
755
907
749
756
908
750
757
909
751
758
910
759
911
753
760
912
754
761
913
755
762
914
756
763
915
757
764
916
758
765
917
759
766
918
767
919
761
768
920
762
769
921
763
770
922
764
771
923
765
772
924
766
773
925
767
774
926
775
927
769
776
928
770
777
929
771
778
930
772
779
931
773
780
932
774
781
933
775
782
934
783
935
777
784
936
778
785
937
779
786
938
780
787
939
781
788
940
782
789
941
783
790
942
791
943
785
792
944
786
793
945
787
794
946
788
795
947
789
796
948
790
797
949
791
798
950
799
951
793
952
794
953
795
954
796
955
797
956
798
957
799
958
959
801
808
960
802
809
961
803
810
962
804
811
963
805
812
964
806
813
965
807
814
966
815
967
809
816
968
810
817
969
811
818
970
812
819
971
813
820
972
814
821
973
815
822
974
823
975
817
824
976
818
825
977
819
826
978
820
827
979
821
828
980
822
829
981
823
830
982
831
983
825
832
984
826
833
985
827
834
986
828
835
987
829
836
988
830
837
989
831
838
990
839
991
833
840
992
834
841
993
835
842
994
836
843
995
837
844
996
838
845
997
839
846
998
847
999
841
848
1000
842
849
1001
843
850
1002
844
851
1003
845
852
1004
846
853
1005
847
854
1006
855
1007
849
856
1008
850
857
1009
851
858
1010
852
859
1011
853
860
1012
854
861
1013
855
862
1014
863
1015
857
864
1016
858
865
1017
859
866
1018
860
867
1019
861
868
1020
862
869
1021
863
870
1022
871
1023
865
872
1024
866
873
1025
867
874
1026
868
875
1027
869
876
1028
870
877
1029
871
878
1030
879
1031
873
880
1032
874
881
1033
875
882
1034
876
883
1035
877
884
1036
878
885
1037
879
886
1038
887
1039
881
888
1040
882
889
1041
883
890
1042
884
891
1043
885
892
1044
886
893
1045
887
894
1046
895
1047
889
896
1048
890
897
1049
891
898
1050
892
899
1051
893
900
1052
894
901
1053
895
902
1054
903
1055
897
904
1056
898
905
1057
899
906
1058
900
907
1059
901
908
1060
902
909
1061
903
910
1062
911
1063
905
912
1064
906
913
1065
907
914
1066
908
915
1067
909
916
1068
910
917
1069
911
918
1070
919
1071
913
920
1072
914
921
1073
915
922
1074
916
923
1075
917
924
1076
918
925
1077
919
926
1078
927
1079
921
928
1080
922
929
1081
923
930
1082
924
931
1083
925
932
1084
926
933
1085
927
934
1086
935
1087
929
936
1088
930
937
1089
931
938
1090
932
939
1091
933
940
1092
934
941
1093
935
942
1094
943
1095
937
944
1096
938
945
1097
939
946
1098
940
947
1099
941
948
1100
942
949
1101
943
950
1102
951
1103
945
952
1104
946
953
1105
947
954
1106
948
955
1107
949
956
1108
950
957
1109
951
958
1110
959
1111
953
1112
954
1113
955
1114
956
1115
957
1116
958
1117
959
1118
1119
961
968
1120
962
969
1121
963
970
1122
964
971
1123
965
972
1124
966
973
1125
967
974
1126
975
1127
969
976
1128
970
977
1129
971
978
1130
972
979
1131
973
980
1132
974
981
1133
975
982
1134
983
1135
977
984
1136
978
985
1137
979
986
1138
980
987
1139
981
988
1140
982
989
1141
983
990
1142
991
1143
985
992
1144
986
993
1145
987
994
1146
988
995
1147
989
996
1148
990
997
1149
991
998
1150
999
1151
993
1000
1152
994
1001
1153
995
1002
1154
996
1003
1155
997
1004
1156
998
1005
1157
999
1006
1158
1007
1159
1001
1008
1160
1002
1009
1161
1003
1010
1162
1004
1011
1163
1005
1012
1164
1006
1013
1165
1007
1014
1166
1015
1167
1009
1016
1168
1010
1017
1169
1011
1018
1170
1012
1019
1171
1013
1020
1172
1014
1021
1173
1015
1022
1174
1023
1175
1017
1024
1176
1018
1025
1177
1019
1026
1178
1020
1027
1179
1021
1028
1180
1022
1029
1181
1023
1030
1182
1031
1183
1025
1032
1184
1026
1033
1185
1027
1034
1186
1028
1035
1187
1029
1036
1188
1030
1037
1189
1031
1038
1190
1039
1191
1033
1040
1192
1034
1041
1193
1035
1042
1194
1036
1043
1195
1037
1044
1196
1038
1045
1197
1039
1046
1198
1047
1199
1041
1048
1200
1042
1049
1201
1043
1050
1202
1044
1051
1203
1045
1052
1204
1046
1053
1205
1047
1054
1206
1055
1207
1049
1056
1208
1050
1057
1209
1051
1058
1210
1052
1059
1211
1053
1060
1212
1054
1061
1213
1055
1062
1214
1063
1215
1057
1064
1216
1058
1065
1217
1059
1066
1218
1060
1067
1219
1061
1068
1220
1062
1069
1221
1063
1070
1222
1071
1223
1065
1072
1224
1066
1073
1225
1067
1074
1226
1068
1075
1227
1069
1076
1228
1070
1077
1229
1071
1078
1230
1079
1231
1073
1080
1232
1074
1081
1233
1075
1082
1234
1076
1083
1235
1077
1084
1236
1078
1085
1237
1079
1086
1238
1087
1239
1081
1088
1240
1082
1089
1241
1083
1090
1242
1084
1091
1243
1085
1092
1244
1086
1093
1245
1087
1094
1246
1095
1247
1089
1096
1248
1090
1097
1249
1091
1098
1250
1092
1099
1251
1093
1100
1252
1094
1101
1253
1095
1102
1254
1103
1255
1097
1104
1256
1098
1105
1257
1099
1106
1258
1100
1107
1259
1101
1108
1260
1102
1109
1261
1103
1110
1262
1111
1263
1105
1112
1264
1106
1113
1265
1107
1114
1266
1108
1115
1267
1109
1116
1268
1110
1117
1269
1111
1118
1270
1119
1271
1113
1272
1114
1273
1115
1274
1116
1275
1117
1276
1118
1277
1119
1278
1279
1121
1128
1122
1129
1123
1130
1124
1131
1125
1132
1126
1133
1127
1134
1135
1129
1136
1130
1137
1131
1138
1132
1139
1133
1140
1134
1141
1135
1142
1143
1137
1144
1138
1145
1139
1146
1140
1147
1141
1148
1142
1149
1143
1150
1151
1145
1152
1146
1153
1147
1154
1148
1155
1149
1156
1150
1157
1151
1158
1159
1153
1160
1154
1161
1155
1162
1156
1163
1157
1164
1158
1165
1159
1166
1167
1161
1168
1162
1169
1163
1170
1164
1171
1165
1172
1166
1173
1167
1174
1175
1169
1176
1170
1177
1171
1178
1172
1179
1173
1180
1174
1181
1175
1182
1183
1177
1184
1178
1185
1179
1186
1180
1187
1181
1188
1182
1189
1183
1190
1191
1185
1192
1186
1193
1187
1194
1188
1195
1189
1196
1190
1197
1191
1198
1199
1193
1200
1194
1201
1195
1202
1196
1203
1197
1204
1198
1205
1199
1206
1207
1201
1208
1202
1209
1203
1210
1204
1211
1205
1212
1206
1213
1207
1214
1215
1209
1216
1210
1217
1211
1218
1212
1219
1213
1220
1214
1221
1215
1222
1223
1217
1224
1218
1225
1219
1226
1220
1227
1221
1228
1222
1229
1223
1230
1231
1225
1232
1226
1233
1227
1234
1228
1235
1229
1236
1230
1237
1231
1238
1239
1233
1240
1234
1241
1235
1242
1236
1243
1237
1244
1238
1245
1239
1246
1247
1241
1248
1242
1249
1243
1250
1244
1251
1245
1252
1246
1253
1247
1254
1255
1249
1256
1250
1257
1251
1258
1252
1259
1253
1260
1254
1261
1255
1262
1263
1257
1264
1258
1265
1259
1266
1260
1267
1261
1268
1262
1269
1263
1270
1271
1265
1272
1266
1273
1267
1274
1268
1275
1269
1276
1270
1277
1271
1278
1279
1273
1274
1275
1276
1277
1278
1279
)


// ************************************************************************* //
