/*--------------------------------*- C++ -*----------------------------------*\
| =========                 |                                                 |
| \\      /  F ield         | OpenFOAM: The Open Source CFD Toolbox           |
|  \\    /   O peration     | Version:  2206                                  |
|   \\  /    A nd           | Website:  www.openfoam.com                      |
|    \\/     M anipulation  |                                                 |
\*---------------------------------------------------------------------------*/
FoamFile
{
    version     2.0;
    format      ascii;
    arch        "LSB;label=32;scalar=64";
    class       faceList;
    location    "constant/polyMesh";
    object      faces;
}
// * * * * * * * * * * * * * * * * * * * * * * * * * * * * * * * * * * * * * //


4224
(
4(1 10 199 190)
4(9 198 199 10)
4(189 190 199 198)
4(2 11 200 191)
4(10 199 200 11)
4(190 191 200 199)
4(3 12 201 192)
4(11 200 201 12)
4(191 192 201 200)
4(4 13 202 193)
4(12 201 202 13)
4(192 193 202 201)
4(5 14 203 194)
4(13 202 203 14)
4(193 194 203 202)
4(6 15 204 195)
4(14 203 204 15)
4(194 195 204 203)
4(7 16 205 196)
4(15 204 205 16)
4(195 196 205 204)
4(16 205 206 17)
4(196 197 206 205)
4(10 19 208 199)
4(18 207 208 19)
4(198 199 208 207)
4(11 20 209 200)
4(19 208 209 20)
4(199 200 209 208)
4(12 21 210 201)
4(20 209 210 21)
4(200 201 210 209)
4(13 22 211 202)
4(21 210 211 22)
4(201 202 211 210)
4(14 23 212 203)
4(22 211 212 23)
4(202 203 212 211)
4(15 24 213 204)
4(23 212 213 24)
4(203 204 213 212)
4(16 25 214 205)
4(24 213 214 25)
4(204 205 214 213)
4(25 214 215 26)
4(205 206 215 214)
4(19 28 217 208)
4(27 216 217 28)
4(207 208 217 216)
4(20 29 218 209)
4(28 217 218 29)
4(208 209 218 217)
4(21 30 219 210)
4(29 218 219 30)
4(209 210 219 218)
4(22 31 220 211)
4(30 219 220 31)
4(210 211 220 219)
4(23 32 221 212)
4(31 220 221 32)
4(211 212 221 220)
4(24 33 222 213)
4(32 221 222 33)
4(212 213 222 221)
4(25 34 223 214)
4(33 222 223 34)
4(213 214 223 222)
4(34 223 224 35)
4(214 215 224 223)
4(28 37 226 217)
4(36 225 226 37)
4(216 217 226 225)
4(29 38 227 218)
4(37 226 227 38)
4(217 218 227 226)
4(30 39 228 219)
4(38 227 228 39)
4(218 219 228 227)
4(31 40 229 220)
4(39 228 229 40)
4(219 220 229 228)
4(32 41 230 221)
4(40 229 230 41)
4(220 221 230 229)
4(33 42 231 222)
4(41 230 231 42)
4(221 222 231 230)
4(34 43 232 223)
4(42 231 232 43)
4(222 223 232 231)
4(43 232 233 44)
4(223 224 233 232)
4(37 46 235 226)
4(45 234 235 46)
4(225 226 235 234)
4(38 47 236 227)
4(46 235 236 47)
4(226 227 236 235)
4(39 48 237 228)
4(47 236 237 48)
4(227 228 237 236)
4(40 49 238 229)
4(48 237 238 49)
4(228 229 238 237)
4(41 50 239 230)
4(49 238 239 50)
4(229 230 239 238)
4(42 51 240 231)
4(50 239 240 51)
4(230 231 240 239)
4(43 52 241 232)
4(51 240 241 52)
4(231 232 241 240)
4(52 241 242 53)
4(232 233 242 241)
4(46 55 244 235)
4(54 243 244 55)
4(234 235 244 243)
4(47 56 245 236)
4(55 244 245 56)
4(235 236 245 244)
4(48 57 246 237)
4(56 245 246 57)
4(236 237 246 245)
4(49 58 247 238)
4(57 246 247 58)
4(237 238 247 246)
4(50 59 248 239)
4(58 247 248 59)
4(238 239 248 247)
4(51 60 249 240)
4(59 248 249 60)
4(239 240 249 248)
4(52 61 250 241)
4(60 249 250 61)
4(240 241 250 249)
4(61 250 251 62)
4(241 242 251 250)
4(55 64 253 244)
4(63 252 253 64)
4(243 244 253 252)
4(56 65 254 245)
4(64 253 254 65)
4(244 245 254 253)
4(57 66 255 246)
4(65 254 255 66)
4(245 246 255 254)
4(58 67 256 247)
4(66 255 256 67)
4(246 247 256 255)
4(59 68 257 248)
4(67 256 257 68)
4(247 248 257 256)
4(60 69 258 249)
4(68 257 258 69)
4(248 249 258 257)
4(61 70 259 250)
4(69 258 259 70)
4(249 250 259 258)
4(70 259 260 71)
4(250 251 260 259)
4(64 73 262 253)
4(72 261 262 73)
4(252 253 262 261)
4(65 74 263 254)
4(73 262 263 74)
4(253 254 263 262)
4(66 75 264 255)
4(74 263 264 75)
4(254 255 264 263)
4(67 76 265 256)
4(75 264 265 76)
4(255 256 265 264)
4(68 77 266 257)
4(76 265 266 77)
4(256 257 266 265)
4(69 78 267 258)
4(77 266 267 78)
4(257 258 267 266)
4(70 79 268 259)
4(78 267 268 79)
4(258 259 268 267)
4(79 268 269 80)
4(259 260 269 268)
4(73 82 271 262)
4(81 270 271 82)
4(261 262 271 270)
4(74 83 272 263)
4(82 271 272 83)
4(262 263 272 271)
4(75 84 273 264)
4(83 272 273 84)
4(263 264 273 272)
4(76 85 274 265)
4(84 273 274 85)
4(264 265 274 273)
4(77 86 275 266)
4(85 274 275 86)
4(265 266 275 274)
4(78 87 276 267)
4(86 275 276 87)
4(266 267 276 275)
4(79 88 277 268)
4(87 276 277 88)
4(267 268 277 276)
4(88 277 278 89)
4(268 269 278 277)
4(82 91 280 271)
4(90 279 280 91)
4(270 271 280 279)
4(83 92 281 272)
4(91 280 281 92)
4(271 272 281 280)
4(84 93 282 273)
4(92 281 282 93)
4(272 273 282 281)
4(85 94 283 274)
4(93 282 283 94)
4(273 274 283 282)
4(86 95 284 275)
4(94 283 284 95)
4(274 275 284 283)
4(87 96 285 276)
4(95 284 285 96)
4(275 276 285 284)
4(88 97 286 277)
4(96 285 286 97)
4(276 277 286 285)
4(97 286 287 98)
4(277 278 287 286)
4(91 100 289 280)
4(99 288 289 100)
4(279 280 289 288)
4(92 101 290 281)
4(100 289 290 101)
4(280 281 290 289)
4(93 102 291 282)
4(101 290 291 102)
4(281 282 291 290)
4(94 103 292 283)
4(102 291 292 103)
4(282 283 292 291)
4(95 104 293 284)
4(103 292 293 104)
4(283 284 293 292)
4(96 105 294 285)
4(104 293 294 105)
4(284 285 294 293)
4(97 106 295 286)
4(105 294 295 106)
4(285 286 295 294)
4(106 295 296 107)
4(286 287 296 295)
4(100 109 298 289)
4(108 297 298 109)
4(288 289 298 297)
4(101 110 299 290)
4(109 298 299 110)
4(289 290 299 298)
4(102 111 300 291)
4(110 299 300 111)
4(290 291 300 299)
4(103 112 301 292)
4(111 300 301 112)
4(291 292 301 300)
4(104 113 302 293)
4(112 301 302 113)
4(292 293 302 301)
4(105 114 303 294)
4(113 302 303 114)
4(293 294 303 302)
4(106 115 304 295)
4(114 303 304 115)
4(294 295 304 303)
4(115 304 305 116)
4(295 296 305 304)
4(109 118 307 298)
4(117 306 307 118)
4(297 298 307 306)
4(110 119 308 299)
4(118 307 308 119)
4(298 299 308 307)
4(111 120 309 300)
4(119 308 309 120)
4(299 300 309 308)
4(112 121 310 301)
4(120 309 310 121)
4(300 301 310 309)
4(113 122 311 302)
4(121 310 311 122)
4(301 302 311 310)
4(114 123 312 303)
4(122 311 312 123)
4(302 303 312 311)
4(115 124 313 304)
4(123 312 313 124)
4(303 304 313 312)
4(124 313 314 125)
4(304 305 314 313)
4(118 127 316 307)
4(126 315 316 127)
4(306 307 316 315)
4(119 128 317 308)
4(127 316 317 128)
4(307 308 317 316)
4(120 129 318 309)
4(128 317 318 129)
4(308 309 318 317)
4(121 130 319 310)
4(129 318 319 130)
4(309 310 319 318)
4(122 131 320 311)
4(130 319 320 131)
4(310 311 320 319)
4(123 132 321 312)
4(131 320 321 132)
4(311 312 321 320)
4(124 133 322 313)
4(132 321 322 133)
4(312 313 322 321)
4(133 322 323 134)
4(313 314 323 322)
4(127 136 325 316)
4(135 324 325 136)
4(315 316 325 324)
4(128 137 326 317)
4(136 325 326 137)
4(316 317 326 325)
4(129 138 327 318)
4(137 326 327 138)
4(317 318 327 326)
4(130 139 328 319)
4(138 327 328 139)
4(318 319 328 327)
4(131 140 329 320)
4(139 328 329 140)
4(319 320 329 328)
4(132 141 330 321)
4(140 329 330 141)
4(320 321 330 329)
4(133 142 331 322)
4(141 330 331 142)
4(321 322 331 330)
4(142 331 332 143)
4(322 323 332 331)
4(136 145 334 325)
4(144 333 334 145)
4(324 325 334 333)
4(137 146 335 326)
4(145 334 335 146)
4(325 326 335 334)
4(138 147 336 327)
4(146 335 336 147)
4(326 327 336 335)
4(139 148 337 328)
4(147 336 337 148)
4(327 328 337 336)
4(140 149 338 329)
4(148 337 338 149)
4(328 329 338 337)
4(141 150 339 330)
4(149 338 339 150)
4(329 330 339 338)
4(142 151 340 331)
4(150 339 340 151)
4(330 331 340 339)
4(151 340 341 152)
4(331 332 341 340)
4(145 154 343 334)
4(153 342 343 154)
4(333 334 343 342)
4(146 155 344 335)
4(154 343 344 155)
4(334 335 344 343)
4(147 156 345 336)
4(155 344 345 156)
4(335 336 345 344)
4(148 157 346 337)
4(156 345 346 157)
4(336 337 346 345)
4(149 158 347 338)
4(157 346 347 158)
4(337 338 347 346)
4(150 159 348 339)
4(158 347 348 159)
4(338 339 348 347)
4(151 160 349 340)
4(159 348 349 160)
4(339 340 349 348)
4(160 349 350 161)
4(340 341 350 349)
4(154 163 352 343)
4(162 351 352 163)
4(342 343 352 351)
4(155 164 353 344)
4(163 352 353 164)
4(343 344 353 352)
4(156 165 354 345)
4(164 353 354 165)
4(344 345 354 353)
4(157 166 355 346)
4(165 354 355 166)
4(345 346 355 354)
4(158 167 356 347)
4(166 355 356 167)
4(346 347 356 355)
4(159 168 357 348)
4(167 356 357 168)
4(347 348 357 356)
4(160 169 358 349)
4(168 357 358 169)
4(348 349 358 357)
4(169 358 359 170)
4(349 350 359 358)
4(163 172 361 352)
4(171 360 361 172)
4(351 352 361 360)
4(164 173 362 353)
4(172 361 362 173)
4(352 353 362 361)
4(165 174 363 354)
4(173 362 363 174)
4(353 354 363 362)
4(166 175 364 355)
4(174 363 364 175)
4(354 355 364 363)
4(167 176 365 356)
4(175 364 365 176)
4(355 356 365 364)
4(168 177 366 357)
4(176 365 366 177)
4(356 357 366 365)
4(169 178 367 358)
4(177 366 367 178)
4(357 358 367 366)
4(178 367 368 179)
4(358 359 368 367)
4(172 181 370 361)
4(360 361 370 369)
4(173 182 371 362)
4(361 362 371 370)
4(174 183 372 363)
4(362 363 372 371)
4(175 184 373 364)
4(363 364 373 372)
4(176 185 374 365)
4(364 365 374 373)
4(177 186 375 366)
4(365 366 375 374)
4(178 187 376 367)
4(366 367 376 375)
4(367 368 377 376)
4(190 199 388 379)
4(198 387 388 199)
4(378 379 388 387)
4(191 200 389 380)
4(199 388 389 200)
4(379 380 389 388)
4(192 201 390 381)
4(200 389 390 201)
4(380 381 390 389)
4(193 202 391 382)
4(201 390 391 202)
4(381 382 391 390)
4(194 203 392 383)
4(202 391 392 203)
4(382 383 392 391)
4(195 204 393 384)
4(203 392 393 204)
4(383 384 393 392)
4(196 205 394 385)
4(204 393 394 205)
4(384 385 394 393)
4(205 394 395 206)
4(385 386 395 394)
4(199 208 397 388)
4(207 396 397 208)
4(387 388 397 396)
4(200 209 398 389)
4(208 397 398 209)
4(388 389 398 397)
4(201 210 399 390)
4(209 398 399 210)
4(389 390 399 398)
4(202 211 400 391)
4(210 399 400 211)
4(390 391 400 399)
4(203 212 401 392)
4(211 400 401 212)
4(391 392 401 400)
4(204 213 402 393)
4(212 401 402 213)
4(392 393 402 401)
4(205 214 403 394)
4(213 402 403 214)
4(393 394 403 402)
4(214 403 404 215)
4(394 395 404 403)
4(208 217 406 397)
4(216 405 406 217)
4(396 397 406 405)
4(209 218 407 398)
4(217 406 407 218)
4(397 398 407 406)
4(210 219 408 399)
4(218 407 408 219)
4(398 399 408 407)
4(211 220 409 400)
4(219 408 409 220)
4(399 400 409 408)
4(212 221 410 401)
4(220 409 410 221)
4(400 401 410 409)
4(213 222 411 402)
4(221 410 411 222)
4(401 402 411 410)
4(214 223 412 403)
4(222 411 412 223)
4(402 403 412 411)
4(223 412 413 224)
4(403 404 413 412)
4(217 226 415 406)
4(225 414 415 226)
4(405 406 415 414)
4(218 227 416 407)
4(226 415 416 227)
4(406 407 416 415)
4(219 228 417 408)
4(227 416 417 228)
4(407 408 417 416)
4(220 229 418 409)
4(228 417 418 229)
4(408 409 418 417)
4(221 230 419 410)
4(229 418 419 230)
4(409 410 419 418)
4(222 231 420 411)
4(230 419 420 231)
4(410 411 420 419)
4(223 232 421 412)
4(231 420 421 232)
4(411 412 421 420)
4(232 421 422 233)
4(412 413 422 421)
4(226 235 424 415)
4(234 423 424 235)
4(414 415 424 423)
4(227 236 425 416)
4(235 424 425 236)
4(415 416 425 424)
4(228 237 426 417)
4(236 425 426 237)
4(416 417 426 425)
4(229 238 427 418)
4(237 426 427 238)
4(417 418 427 426)
4(230 239 428 419)
4(238 427 428 239)
4(418 419 428 427)
4(231 240 429 420)
4(239 428 429 240)
4(419 420 429 428)
4(232 241 430 421)
4(240 429 430 241)
4(420 421 430 429)
4(241 430 431 242)
4(421 422 431 430)
4(235 244 433 424)
4(243 432 433 244)
4(423 424 433 432)
4(236 245 434 425)
4(244 433 434 245)
4(424 425 434 433)
4(237 246 435 426)
4(245 434 435 246)
4(425 426 435 434)
4(238 247 436 427)
4(246 435 436 247)
4(426 427 436 435)
4(239 248 437 428)
4(247 436 437 248)
4(427 428 437 436)
4(240 249 438 429)
4(248 437 438 249)
4(428 429 438 437)
4(241 250 439 430)
4(249 438 439 250)
4(429 430 439 438)
4(250 439 440 251)
4(430 431 440 439)
4(244 253 442 433)
4(252 441 442 253)
4(432 433 442 441)
4(245 254 443 434)
4(253 442 443 254)
4(433 434 443 442)
4(246 255 444 435)
4(254 443 444 255)
4(434 435 444 443)
4(247 256 445 436)
4(255 444 445 256)
4(435 436 445 444)
4(248 257 446 437)
4(256 445 446 257)
4(436 437 446 445)
4(249 258 447 438)
4(257 446 447 258)
4(437 438 447 446)
4(250 259 448 439)
4(258 447 448 259)
4(438 439 448 447)
4(259 448 449 260)
4(439 440 449 448)
4(253 262 451 442)
4(261 450 451 262)
4(441 442 451 450)
4(254 263 452 443)
4(262 451 452 263)
4(442 443 452 451)
4(255 264 453 444)
4(263 452 453 264)
4(443 444 453 452)
4(256 265 454 445)
4(264 453 454 265)
4(444 445 454 453)
4(257 266 455 446)
4(265 454 455 266)
4(445 446 455 454)
4(258 267 456 447)
4(266 455 456 267)
4(446 447 456 455)
4(259 268 457 448)
4(267 456 457 268)
4(447 448 457 456)
4(268 457 458 269)
4(448 449 458 457)
4(262 271 460 451)
4(270 459 460 271)
4(450 451 460 459)
4(263 272 461 452)
4(271 460 461 272)
4(451 452 461 460)
4(264 273 462 453)
4(272 461 462 273)
4(452 453 462 461)
4(265 274 463 454)
4(273 462 463 274)
4(453 454 463 462)
4(266 275 464 455)
4(274 463 464 275)
4(454 455 464 463)
4(267 276 465 456)
4(275 464 465 276)
4(455 456 465 464)
4(268 277 466 457)
4(276 465 466 277)
4(456 457 466 465)
4(277 466 467 278)
4(457 458 467 466)
4(271 280 469 460)
4(279 468 469 280)
4(459 460 469 468)
4(272 281 470 461)
4(280 469 470 281)
4(460 461 470 469)
4(273 282 471 462)
4(281 470 471 282)
4(461 462 471 470)
4(274 283 472 463)
4(282 471 472 283)
4(462 463 472 471)
4(275 284 473 464)
4(283 472 473 284)
4(463 464 473 472)
4(276 285 474 465)
4(284 473 474 285)
4(464 465 474 473)
4(277 286 475 466)
4(285 474 475 286)
4(465 466 475 474)
4(286 475 476 287)
4(466 467 476 475)
4(280 289 478 469)
4(288 477 478 289)
4(468 469 478 477)
4(281 290 479 470)
4(289 478 479 290)
4(469 470 479 478)
4(282 291 480 471)
4(290 479 480 291)
4(470 471 480 479)
4(283 292 481 472)
4(291 480 481 292)
4(471 472 481 480)
4(284 293 482 473)
4(292 481 482 293)
4(472 473 482 481)
4(285 294 483 474)
4(293 482 483 294)
4(473 474 483 482)
4(286 295 484 475)
4(294 483 484 295)
4(474 475 484 483)
4(295 484 485 296)
4(475 476 485 484)
4(289 298 487 478)
4(297 486 487 298)
4(477 478 487 486)
4(290 299 488 479)
4(298 487 488 299)
4(478 479 488 487)
4(291 300 489 480)
4(299 488 489 300)
4(479 480 489 488)
4(292 301 490 481)
4(300 489 490 301)
4(480 481 490 489)
4(293 302 491 482)
4(301 490 491 302)
4(481 482 491 490)
4(294 303 492 483)
4(302 491 492 303)
4(482 483 492 491)
4(295 304 493 484)
4(303 492 493 304)
4(483 484 493 492)
4(304 493 494 305)
4(484 485 494 493)
4(298 307 496 487)
4(306 495 496 307)
4(486 487 496 495)
4(299 308 497 488)
4(307 496 497 308)
4(487 488 497 496)
4(300 309 498 489)
4(308 497 498 309)
4(488 489 498 497)
4(301 310 499 490)
4(309 498 499 310)
4(489 490 499 498)
4(302 311 500 491)
4(310 499 500 311)
4(490 491 500 499)
4(303 312 501 492)
4(311 500 501 312)
4(491 492 501 500)
4(304 313 502 493)
4(312 501 502 313)
4(492 493 502 501)
4(313 502 503 314)
4(493 494 503 502)
4(307 316 505 496)
4(315 504 505 316)
4(495 496 505 504)
4(308 317 506 497)
4(316 505 506 317)
4(496 497 506 505)
4(309 318 507 498)
4(317 506 507 318)
4(497 498 507 506)
4(310 319 508 499)
4(318 507 508 319)
4(498 499 508 507)
4(311 320 509 500)
4(319 508 509 320)
4(499 500 509 508)
4(312 321 510 501)
4(320 509 510 321)
4(500 501 510 509)
4(313 322 511 502)
4(321 510 511 322)
4(501 502 511 510)
4(322 511 512 323)
4(502 503 512 511)
4(316 325 514 505)
4(324 513 514 325)
4(504 505 514 513)
4(317 326 515 506)
4(325 514 515 326)
4(505 506 515 514)
4(318 327 516 507)
4(326 515 516 327)
4(506 507 516 515)
4(319 328 517 508)
4(327 516 517 328)
4(507 508 517 516)
4(320 329 518 509)
4(328 517 518 329)
4(508 509 518 517)
4(321 330 519 510)
4(329 518 519 330)
4(509 510 519 518)
4(322 331 520 511)
4(330 519 520 331)
4(510 511 520 519)
4(331 520 521 332)
4(511 512 521 520)
4(325 334 523 514)
4(333 522 523 334)
4(513 514 523 522)
4(326 335 524 515)
4(334 523 524 335)
4(514 515 524 523)
4(327 336 525 516)
4(335 524 525 336)
4(515 516 525 524)
4(328 337 526 517)
4(336 525 526 337)
4(516 517 526 525)
4(329 338 527 518)
4(337 526 527 338)
4(517 518 527 526)
4(330 339 528 519)
4(338 527 528 339)
4(518 519 528 527)
4(331 340 529 520)
4(339 528 529 340)
4(519 520 529 528)
4(340 529 530 341)
4(520 521 530 529)
4(334 343 532 523)
4(342 531 532 343)
4(522 523 532 531)
4(335 344 533 524)
4(343 532 533 344)
4(523 524 533 532)
4(336 345 534 525)
4(344 533 534 345)
4(524 525 534 533)
4(337 346 535 526)
4(345 534 535 346)
4(525 526 535 534)
4(338 347 536 527)
4(346 535 536 347)
4(526 527 536 535)
4(339 348 537 528)
4(347 536 537 348)
4(527 528 537 536)
4(340 349 538 529)
4(348 537 538 349)
4(528 529 538 537)
4(349 538 539 350)
4(529 530 539 538)
4(343 352 541 532)
4(351 540 541 352)
4(531 532 541 540)
4(344 353 542 533)
4(352 541 542 353)
4(532 533 542 541)
4(345 354 543 534)
4(353 542 543 354)
4(533 534 543 542)
4(346 355 544 535)
4(354 543 544 355)
4(534 535 544 543)
4(347 356 545 536)
4(355 544 545 356)
4(535 536 545 544)
4(348 357 546 537)
4(356 545 546 357)
4(536 537 546 545)
4(349 358 547 538)
4(357 546 547 358)
4(537 538 547 546)
4(358 547 548 359)
4(538 539 548 547)
4(352 361 550 541)
4(360 549 550 361)
4(540 541 550 549)
4(353 362 551 542)
4(361 550 551 362)
4(541 542 551 550)
4(354 363 552 543)
4(362 551 552 363)
4(542 543 552 551)
4(355 364 553 544)
4(363 552 553 364)
4(543 544 553 552)
4(356 365 554 545)
4(364 553 554 365)
4(544 545 554 553)
4(357 366 555 546)
4(365 554 555 366)
4(545 546 555 554)
4(358 367 556 547)
4(366 555 556 367)
4(546 547 556 555)
4(367 556 557 368)
4(547 548 557 556)
4(361 370 559 550)
4(549 550 559 558)
4(362 371 560 551)
4(550 551 560 559)
4(363 372 561 552)
4(551 552 561 560)
4(364 373 562 553)
4(552 553 562 561)
4(365 374 563 554)
4(553 554 563 562)
4(366 375 564 555)
4(554 555 564 563)
4(367 376 565 556)
4(555 556 565 564)
4(556 557 566 565)
4(379 388 577 568)
4(387 576 577 388)
4(567 568 577 576)
4(380 389 578 569)
4(388 577 578 389)
4(568 569 578 577)
4(381 390 579 570)
4(389 578 579 390)
4(569 570 579 578)
4(382 391 580 571)
4(390 579 580 391)
4(570 571 580 579)
4(383 392 581 572)
4(391 580 581 392)
4(571 572 581 580)
4(384 393 582 573)
4(392 581 582 393)
4(572 573 582 581)
4(385 394 583 574)
4(393 582 583 394)
4(573 574 583 582)
4(394 583 584 395)
4(574 575 584 583)
4(388 397 586 577)
4(396 585 586 397)
4(576 577 586 585)
4(389 398 587 578)
4(397 586 587 398)
4(577 578 587 586)
4(390 399 588 579)
4(398 587 588 399)
4(578 579 588 587)
4(391 400 589 580)
4(399 588 589 400)
4(579 580 589 588)
4(392 401 590 581)
4(400 589 590 401)
4(580 581 590 589)
4(393 402 591 582)
4(401 590 591 402)
4(581 582 591 590)
4(394 403 592 583)
4(402 591 592 403)
4(582 583 592 591)
4(403 592 593 404)
4(583 584 593 592)
4(397 406 595 586)
4(405 594 595 406)
4(585 586 595 594)
4(398 407 596 587)
4(406 595 596 407)
4(586 587 596 595)
4(399 408 597 588)
4(407 596 597 408)
4(587 588 597 596)
4(400 409 598 589)
4(408 597 598 409)
4(588 589 598 597)
4(401 410 599 590)
4(409 598 599 410)
4(589 590 599 598)
4(402 411 600 591)
4(410 599 600 411)
4(590 591 600 599)
4(403 412 601 592)
4(411 600 601 412)
4(591 592 601 600)
4(412 601 602 413)
4(592 593 602 601)
4(406 415 604 595)
4(414 603 604 415)
4(594 595 604 603)
4(407 416 605 596)
4(415 604 605 416)
4(595 596 605 604)
4(408 417 606 597)
4(416 605 606 417)
4(596 597 606 605)
4(409 418 607 598)
4(417 606 607 418)
4(597 598 607 606)
4(410 419 608 599)
4(418 607 608 419)
4(598 599 608 607)
4(411 420 609 600)
4(419 608 609 420)
4(599 600 609 608)
4(412 421 610 601)
4(420 609 610 421)
4(600 601 610 609)
4(421 610 611 422)
4(601 602 611 610)
4(415 424 613 604)
4(423 612 613 424)
4(603 604 613 612)
4(416 425 614 605)
4(424 613 614 425)
4(604 605 614 613)
4(417 426 615 606)
4(425 614 615 426)
4(605 606 615 614)
4(418 427 616 607)
4(426 615 616 427)
4(606 607 616 615)
4(419 428 617 608)
4(427 616 617 428)
4(607 608 617 616)
4(420 429 618 609)
4(428 617 618 429)
4(608 609 618 617)
4(421 430 619 610)
4(429 618 619 430)
4(609 610 619 618)
4(430 619 620 431)
4(610 611 620 619)
4(424 433 622 613)
4(432 621 622 433)
4(612 613 622 621)
4(425 434 623 614)
4(433 622 623 434)
4(613 614 623 622)
4(426 435 624 615)
4(434 623 624 435)
4(614 615 624 623)
4(427 436 625 616)
4(435 624 625 436)
4(615 616 625 624)
4(428 437 626 617)
4(436 625 626 437)
4(616 617 626 625)
4(429 438 627 618)
4(437 626 627 438)
4(617 618 627 626)
4(430 439 628 619)
4(438 627 628 439)
4(618 619 628 627)
4(439 628 629 440)
4(619 620 629 628)
4(433 442 631 622)
4(441 630 631 442)
4(621 622 631 630)
4(434 443 632 623)
4(442 631 632 443)
4(622 623 632 631)
4(435 444 633 624)
4(443 632 633 444)
4(623 624 633 632)
4(436 445 634 625)
4(444 633 634 445)
4(624 625 634 633)
4(437 446 635 626)
4(445 634 635 446)
4(625 626 635 634)
4(438 447 636 627)
4(446 635 636 447)
4(626 627 636 635)
4(439 448 637 628)
4(447 636 637 448)
4(627 628 637 636)
4(448 637 638 449)
4(628 629 638 637)
4(442 451 640 631)
4(450 639 640 451)
4(630 631 640 639)
4(443 452 641 632)
4(451 640 641 452)
4(631 632 641 640)
4(444 453 642 633)
4(452 641 642 453)
4(632 633 642 641)
4(445 454 643 634)
4(453 642 643 454)
4(633 634 643 642)
4(446 455 644 635)
4(454 643 644 455)
4(634 635 644 643)
4(447 456 645 636)
4(455 644 645 456)
4(635 636 645 644)
4(448 457 646 637)
4(456 645 646 457)
4(636 637 646 645)
4(457 646 647 458)
4(637 638 647 646)
4(451 460 649 640)
4(459 648 649 460)
4(639 640 649 648)
4(452 461 650 641)
4(460 649 650 461)
4(640 641 650 649)
4(453 462 651 642)
4(461 650 651 462)
4(641 642 651 650)
4(454 463 652 643)
4(462 651 652 463)
4(642 643 652 651)
4(455 464 653 644)
4(463 652 653 464)
4(643 644 653 652)
4(456 465 654 645)
4(464 653 654 465)
4(644 645 654 653)
4(457 466 655 646)
4(465 654 655 466)
4(645 646 655 654)
4(466 655 656 467)
4(646 647 656 655)
4(460 469 658 649)
4(468 657 658 469)
4(648 649 658 657)
4(461 470 659 650)
4(469 658 659 470)
4(649 650 659 658)
4(462 471 660 651)
4(470 659 660 471)
4(650 651 660 659)
4(463 472 661 652)
4(471 660 661 472)
4(651 652 661 660)
4(464 473 662 653)
4(472 661 662 473)
4(652 653 662 661)
4(465 474 663 654)
4(473 662 663 474)
4(653 654 663 662)
4(466 475 664 655)
4(474 663 664 475)
4(654 655 664 663)
4(475 664 665 476)
4(655 656 665 664)
4(469 478 667 658)
4(477 666 667 478)
4(657 658 667 666)
4(470 479 668 659)
4(478 667 668 479)
4(658 659 668 667)
4(471 480 669 660)
4(479 668 669 480)
4(659 660 669 668)
4(472 481 670 661)
4(480 669 670 481)
4(660 661 670 669)
4(473 482 671 662)
4(481 670 671 482)
4(661 662 671 670)
4(474 483 672 663)
4(482 671 672 483)
4(662 663 672 671)
4(475 484 673 664)
4(483 672 673 484)
4(663 664 673 672)
4(484 673 674 485)
4(664 665 674 673)
4(478 487 676 667)
4(486 675 676 487)
4(666 667 676 675)
4(479 488 677 668)
4(487 676 677 488)
4(667 668 677 676)
4(480 489 678 669)
4(488 677 678 489)
4(668 669 678 677)
4(481 490 679 670)
4(489 678 679 490)
4(669 670 679 678)
4(482 491 680 671)
4(490 679 680 491)
4(670 671 680 679)
4(483 492 681 672)
4(491 680 681 492)
4(671 672 681 680)
4(484 493 682 673)
4(492 681 682 493)
4(672 673 682 681)
4(493 682 683 494)
4(673 674 683 682)
4(487 496 685 676)
4(495 684 685 496)
4(675 676 685 684)
4(488 497 686 677)
4(496 685 686 497)
4(676 677 686 685)
4(489 498 687 678)
4(497 686 687 498)
4(677 678 687 686)
4(490 499 688 679)
4(498 687 688 499)
4(678 679 688 687)
4(491 500 689 680)
4(499 688 689 500)
4(679 680 689 688)
4(492 501 690 681)
4(500 689 690 501)
4(680 681 690 689)
4(493 502 691 682)
4(501 690 691 502)
4(681 682 691 690)
4(502 691 692 503)
4(682 683 692 691)
4(496 505 694 685)
4(504 693 694 505)
4(684 685 694 693)
4(497 506 695 686)
4(505 694 695 506)
4(685 686 695 694)
4(498 507 696 687)
4(506 695 696 507)
4(686 687 696 695)
4(499 508 697 688)
4(507 696 697 508)
4(687 688 697 696)
4(500 509 698 689)
4(508 697 698 509)
4(688 689 698 697)
4(501 510 699 690)
4(509 698 699 510)
4(689 690 699 698)
4(502 511 700 691)
4(510 699 700 511)
4(690 691 700 699)
4(511 700 701 512)
4(691 692 701 700)
4(505 514 703 694)
4(513 702 703 514)
4(693 694 703 702)
4(506 515 704 695)
4(514 703 704 515)
4(694 695 704 703)
4(507 516 705 696)
4(515 704 705 516)
4(695 696 705 704)
4(508 517 706 697)
4(516 705 706 517)
4(696 697 706 705)
4(509 518 707 698)
4(517 706 707 518)
4(697 698 707 706)
4(510 519 708 699)
4(518 707 708 519)
4(698 699 708 707)
4(511 520 709 700)
4(519 708 709 520)
4(699 700 709 708)
4(520 709 710 521)
4(700 701 710 709)
4(514 523 712 703)
4(522 711 712 523)
4(702 703 712 711)
4(515 524 713 704)
4(523 712 713 524)
4(703 704 713 712)
4(516 525 714 705)
4(524 713 714 525)
4(704 705 714 713)
4(517 526 715 706)
4(525 714 715 526)
4(705 706 715 714)
4(518 527 716 707)
4(526 715 716 527)
4(706 707 716 715)
4(519 528 717 708)
4(527 716 717 528)
4(707 708 717 716)
4(520 529 718 709)
4(528 717 718 529)
4(708 709 718 717)
4(529 718 719 530)
4(709 710 719 718)
4(523 532 721 712)
4(531 720 721 532)
4(711 712 721 720)
4(524 533 722 713)
4(532 721 722 533)
4(712 713 722 721)
4(525 534 723 714)
4(533 722 723 534)
4(713 714 723 722)
4(526 535 724 715)
4(534 723 724 535)
4(714 715 724 723)
4(527 536 725 716)
4(535 724 725 536)
4(715 716 725 724)
4(528 537 726 717)
4(536 725 726 537)
4(716 717 726 725)
4(529 538 727 718)
4(537 726 727 538)
4(717 718 727 726)
4(538 727 728 539)
4(718 719 728 727)
4(532 541 730 721)
4(540 729 730 541)
4(720 721 730 729)
4(533 542 731 722)
4(541 730 731 542)
4(721 722 731 730)
4(534 543 732 723)
4(542 731 732 543)
4(722 723 732 731)
4(535 544 733 724)
4(543 732 733 544)
4(723 724 733 732)
4(536 545 734 725)
4(544 733 734 545)
4(724 725 734 733)
4(537 546 735 726)
4(545 734 735 546)
4(725 726 735 734)
4(538 547 736 727)
4(546 735 736 547)
4(726 727 736 735)
4(547 736 737 548)
4(727 728 737 736)
4(541 550 739 730)
4(549 738 739 550)
4(729 730 739 738)
4(542 551 740 731)
4(550 739 740 551)
4(730 731 740 739)
4(543 552 741 732)
4(551 740 741 552)
4(731 732 741 740)
4(544 553 742 733)
4(552 741 742 553)
4(732 733 742 741)
4(545 554 743 734)
4(553 742 743 554)
4(733 734 743 742)
4(546 555 744 735)
4(554 743 744 555)
4(734 735 744 743)
4(547 556 745 736)
4(555 744 745 556)
4(735 736 745 744)
4(556 745 746 557)
4(736 737 746 745)
4(550 559 748 739)
4(738 739 748 747)
4(551 560 749 740)
4(739 740 749 748)
4(552 561 750 741)
4(740 741 750 749)
4(553 562 751 742)
4(741 742 751 750)
4(554 563 752 743)
4(742 743 752 751)
4(555 564 753 744)
4(743 744 753 752)
4(556 565 754 745)
4(744 745 754 753)
4(745 746 755 754)
4(568 577 766 757)
4(576 765 766 577)
4(756 757 766 765)
4(569 578 767 758)
4(577 766 767 578)
4(757 758 767 766)
4(570 579 768 759)
4(578 767 768 579)
4(758 759 768 767)
4(571 580 769 760)
4(579 768 769 580)
4(759 760 769 768)
4(572 581 770 761)
4(580 769 770 581)
4(760 761 770 769)
4(573 582 771 762)
4(581 770 771 582)
4(761 762 771 770)
4(574 583 772 763)
4(582 771 772 583)
4(762 763 772 771)
4(583 772 773 584)
4(763 764 773 772)
4(577 586 775 766)
4(585 774 775 586)
4(765 766 775 774)
4(578 587 776 767)
4(586 775 776 587)
4(766 767 776 775)
4(579 588 777 768)
4(587 776 777 588)
4(767 768 777 776)
4(580 589 778 769)
4(588 777 778 589)
4(768 769 778 777)
4(581 590 779 770)
4(589 778 779 590)
4(769 770 779 778)
4(582 591 780 771)
4(590 779 780 591)
4(770 771 780 779)
4(583 592 781 772)
4(591 780 781 592)
4(771 772 781 780)
4(592 781 782 593)
4(772 773 782 781)
4(586 595 784 775)
4(594 783 784 595)
4(774 775 784 783)
4(587 596 785 776)
4(595 784 785 596)
4(775 776 785 784)
4(588 597 786 777)
4(596 785 786 597)
4(776 777 786 785)
4(589 598 787 778)
4(597 786 787 598)
4(777 778 787 786)
4(590 599 788 779)
4(598 787 788 599)
4(778 779 788 787)
4(591 600 789 780)
4(599 788 789 600)
4(779 780 789 788)
4(592 601 790 781)
4(600 789 790 601)
4(780 781 790 789)
4(601 790 791 602)
4(781 782 791 790)
4(595 604 793 784)
4(603 792 793 604)
4(783 784 793 792)
4(596 605 794 785)
4(604 793 794 605)
4(784 785 794 793)
4(597 606 795 786)
4(605 794 795 606)
4(785 786 795 794)
4(598 607 796 787)
4(606 795 796 607)
4(786 787 796 795)
4(599 608 797 788)
4(607 796 797 608)
4(787 788 797 796)
4(600 609 798 789)
4(608 797 798 609)
4(788 789 798 797)
4(601 610 799 790)
4(609 798 799 610)
4(789 790 799 798)
4(610 799 800 611)
4(790 791 800 799)
4(604 613 802 793)
4(612 801 802 613)
4(792 793 802 801)
4(605 614 803 794)
4(613 802 803 614)
4(793 794 803 802)
4(606 615 804 795)
4(614 803 804 615)
4(794 795 804 803)
4(607 616 805 796)
4(615 804 805 616)
4(795 796 805 804)
4(608 617 806 797)
4(616 805 806 617)
4(796 797 806 805)
4(609 618 807 798)
4(617 806 807 618)
4(797 798 807 806)
4(610 619 808 799)
4(618 807 808 619)
4(798 799 808 807)
4(619 808 809 620)
4(799 800 809 808)
4(613 622 811 802)
4(621 810 811 622)
4(801 802 811 810)
4(614 623 812 803)
4(622 811 812 623)
4(802 803 812 811)
4(615 624 813 804)
4(623 812 813 624)
4(803 804 813 812)
4(616 625 814 805)
4(624 813 814 625)
4(804 805 814 813)
4(617 626 815 806)
4(625 814 815 626)
4(805 806 815 814)
4(618 627 816 807)
4(626 815 816 627)
4(806 807 816 815)
4(619 628 817 808)
4(627 816 817 628)
4(807 808 817 816)
4(628 817 818 629)
4(808 809 818 817)
4(622 631 820 811)
4(630 819 820 631)
4(810 811 820 819)
4(623 632 821 812)
4(631 820 821 632)
4(811 812 821 820)
4(624 633 822 813)
4(632 821 822 633)
4(812 813 822 821)
4(625 634 823 814)
4(633 822 823 634)
4(813 814 823 822)
4(626 635 824 815)
4(634 823 824 635)
4(814 815 824 823)
4(627 636 825 816)
4(635 824 825 636)
4(815 816 825 824)
4(628 637 826 817)
4(636 825 826 637)
4(816 817 826 825)
4(637 826 827 638)
4(817 818 827 826)
4(631 640 829 820)
4(639 828 829 640)
4(819 820 829 828)
4(632 641 830 821)
4(640 829 830 641)
4(820 821 830 829)
4(633 642 831 822)
4(641 830 831 642)
4(821 822 831 830)
4(634 643 832 823)
4(642 831 832 643)
4(822 823 832 831)
4(635 644 833 824)
4(643 832 833 644)
4(823 824 833 832)
4(636 645 834 825)
4(644 833 834 645)
4(824 825 834 833)
4(637 646 835 826)
4(645 834 835 646)
4(825 826 835 834)
4(646 835 836 647)
4(826 827 836 835)
4(640 649 838 829)
4(648 837 838 649)
4(828 829 838 837)
4(641 650 839 830)
4(649 838 839 650)
4(829 830 839 838)
4(642 651 840 831)
4(650 839 840 651)
4(830 831 840 839)
4(643 652 841 832)
4(651 840 841 652)
4(831 832 841 840)
4(644 653 842 833)
4(652 841 842 653)
4(832 833 842 841)
4(645 654 843 834)
4(653 842 843 654)
4(833 834 843 842)
4(646 655 844 835)
4(654 843 844 655)
4(834 835 844 843)
4(655 844 845 656)
4(835 836 845 844)
4(649 658 847 838)
4(657 846 847 658)
4(837 838 847 846)
4(650 659 848 839)
4(658 847 848 659)
4(838 839 848 847)
4(651 660 849 840)
4(659 848 849 660)
4(839 840 849 848)
4(652 661 850 841)
4(660 849 850 661)
4(840 841 850 849)
4(653 662 851 842)
4(661 850 851 662)
4(841 842 851 850)
4(654 663 852 843)
4(662 851 852 663)
4(842 843 852 851)
4(655 664 853 844)
4(663 852 853 664)
4(843 844 853 852)
4(664 853 854 665)
4(844 845 854 853)
4(658 667 856 847)
4(666 855 856 667)
4(846 847 856 855)
4(659 668 857 848)
4(667 856 857 668)
4(847 848 857 856)
4(660 669 858 849)
4(668 857 858 669)
4(848 849 858 857)
4(661 670 859 850)
4(669 858 859 670)
4(849 850 859 858)
4(662 671 860 851)
4(670 859 860 671)
4(850 851 860 859)
4(663 672 861 852)
4(671 860 861 672)
4(851 852 861 860)
4(664 673 862 853)
4(672 861 862 673)
4(852 853 862 861)
4(673 862 863 674)
4(853 854 863 862)
4(667 676 865 856)
4(675 864 865 676)
4(855 856 865 864)
4(668 677 866 857)
4(676 865 866 677)
4(856 857 866 865)
4(669 678 867 858)
4(677 866 867 678)
4(857 858 867 866)
4(670 679 868 859)
4(678 867 868 679)
4(858 859 868 867)
4(671 680 869 860)
4(679 868 869 680)
4(859 860 869 868)
4(672 681 870 861)
4(680 869 870 681)
4(860 861 870 869)
4(673 682 871 862)
4(681 870 871 682)
4(861 862 871 870)
4(682 871 872 683)
4(862 863 872 871)
4(676 685 874 865)
4(684 873 874 685)
4(864 865 874 873)
4(677 686 875 866)
4(685 874 875 686)
4(865 866 875 874)
4(678 687 876 867)
4(686 875 876 687)
4(866 867 876 875)
4(679 688 877 868)
4(687 876 877 688)
4(867 868 877 876)
4(680 689 878 869)
4(688 877 878 689)
4(868 869 878 877)
4(681 690 879 870)
4(689 878 879 690)
4(869 870 879 878)
4(682 691 880 871)
4(690 879 880 691)
4(870 871 880 879)
4(691 880 881 692)
4(871 872 881 880)
4(685 694 883 874)
4(693 882 883 694)
4(873 874 883 882)
4(686 695 884 875)
4(694 883 884 695)
4(874 875 884 883)
4(687 696 885 876)
4(695 884 885 696)
4(875 876 885 884)
4(688 697 886 877)
4(696 885 886 697)
4(876 877 886 885)
4(689 698 887 878)
4(697 886 887 698)
4(877 878 887 886)
4(690 699 888 879)
4(698 887 888 699)
4(878 879 888 887)
4(691 700 889 880)
4(699 888 889 700)
4(879 880 889 888)
4(700 889 890 701)
4(880 881 890 889)
4(694 703 892 883)
4(702 891 892 703)
4(882 883 892 891)
4(695 704 893 884)
4(703 892 893 704)
4(883 884 893 892)
4(696 705 894 885)
4(704 893 894 705)
4(884 885 894 893)
4(697 706 895 886)
4(705 894 895 706)
4(885 886 895 894)
4(698 707 896 887)
4(706 895 896 707)
4(886 887 896 895)
4(699 708 897 888)
4(707 896 897 708)
4(887 888 897 896)
4(700 709 898 889)
4(708 897 898 709)
4(888 889 898 897)
4(709 898 899 710)
4(889 890 899 898)
4(703 712 901 892)
4(711 900 901 712)
4(891 892 901 900)
4(704 713 902 893)
4(712 901 902 713)
4(892 893 902 901)
4(705 714 903 894)
4(713 902 903 714)
4(893 894 903 902)
4(706 715 904 895)
4(714 903 904 715)
4(894 895 904 903)
4(707 716 905 896)
4(715 904 905 716)
4(895 896 905 904)
4(708 717 906 897)
4(716 905 906 717)
4(896 897 906 905)
4(709 718 907 898)
4(717 906 907 718)
4(897 898 907 906)
4(718 907 908 719)
4(898 899 908 907)
4(712 721 910 901)
4(720 909 910 721)
4(900 901 910 909)
4(713 722 911 902)
4(721 910 911 722)
4(901 902 911 910)
4(714 723 912 903)
4(722 911 912 723)
4(902 903 912 911)
4(715 724 913 904)
4(723 912 913 724)
4(903 904 913 912)
4(716 725 914 905)
4(724 913 914 725)
4(904 905 914 913)
4(717 726 915 906)
4(725 914 915 726)
4(905 906 915 914)
4(718 727 916 907)
4(726 915 916 727)
4(906 907 916 915)
4(727 916 917 728)
4(907 908 917 916)
4(721 730 919 910)
4(729 918 919 730)
4(909 910 919 918)
4(722 731 920 911)
4(730 919 920 731)
4(910 911 920 919)
4(723 732 921 912)
4(731 920 921 732)
4(911 912 921 920)
4(724 733 922 913)
4(732 921 922 733)
4(912 913 922 921)
4(725 734 923 914)
4(733 922 923 734)
4(913 914 923 922)
4(726 735 924 915)
4(734 923 924 735)
4(914 915 924 923)
4(727 736 925 916)
4(735 924 925 736)
4(915 916 925 924)
4(736 925 926 737)
4(916 917 926 925)
4(730 739 928 919)
4(738 927 928 739)
4(918 919 928 927)
4(731 740 929 920)
4(739 928 929 740)
4(919 920 929 928)
4(732 741 930 921)
4(740 929 930 741)
4(920 921 930 929)
4(733 742 931 922)
4(741 930 931 742)
4(921 922 931 930)
4(734 743 932 923)
4(742 931 932 743)
4(922 923 932 931)
4(735 744 933 924)
4(743 932 933 744)
4(923 924 933 932)
4(736 745 934 925)
4(744 933 934 745)
4(924 925 934 933)
4(745 934 935 746)
4(925 926 935 934)
4(739 748 937 928)
4(927 928 937 936)
4(740 749 938 929)
4(928 929 938 937)
4(741 750 939 930)
4(929 930 939 938)
4(742 751 940 931)
4(930 931 940 939)
4(743 752 941 932)
4(931 932 941 940)
4(744 753 942 933)
4(932 933 942 941)
4(745 754 943 934)
4(933 934 943 942)
4(934 935 944 943)
4(757 766 955 946)
4(765 954 955 766)
4(945 946 955 954)
4(758 767 956 947)
4(766 955 956 767)
4(946 947 956 955)
4(759 768 957 948)
4(767 956 957 768)
4(947 948 957 956)
4(760 769 958 949)
4(768 957 958 769)
4(948 949 958 957)
4(761 770 959 950)
4(769 958 959 770)
4(949 950 959 958)
4(762 771 960 951)
4(770 959 960 771)
4(950 951 960 959)
4(763 772 961 952)
4(771 960 961 772)
4(951 952 961 960)
4(772 961 962 773)
4(952 953 962 961)
4(766 775 964 955)
4(774 963 964 775)
4(954 955 964 963)
4(767 776 965 956)
4(775 964 965 776)
4(955 956 965 964)
4(768 777 966 957)
4(776 965 966 777)
4(956 957 966 965)
4(769 778 967 958)
4(777 966 967 778)
4(957 958 967 966)
4(770 779 968 959)
4(778 967 968 779)
4(958 959 968 967)
4(771 780 969 960)
4(779 968 969 780)
4(959 960 969 968)
4(772 781 970 961)
4(780 969 970 781)
4(960 961 970 969)
4(781 970 971 782)
4(961 962 971 970)
4(775 784 973 964)
4(783 972 973 784)
4(963 964 973 972)
4(776 785 974 965)
4(784 973 974 785)
4(964 965 974 973)
4(777 786 975 966)
4(785 974 975 786)
4(965 966 975 974)
4(778 787 976 967)
4(786 975 976 787)
4(966 967 976 975)
4(779 788 977 968)
4(787 976 977 788)
4(967 968 977 976)
4(780 789 978 969)
4(788 977 978 789)
4(968 969 978 977)
4(781 790 979 970)
4(789 978 979 790)
4(969 970 979 978)
4(790 979 980 791)
4(970 971 980 979)
4(784 793 982 973)
4(792 981 982 793)
4(972 973 982 981)
4(785 794 983 974)
4(793 982 983 794)
4(973 974 983 982)
4(786 795 984 975)
4(794 983 984 795)
4(974 975 984 983)
4(787 796 985 976)
4(795 984 985 796)
4(975 976 985 984)
4(788 797 986 977)
4(796 985 986 797)
4(976 977 986 985)
4(789 798 987 978)
4(797 986 987 798)
4(977 978 987 986)
4(790 799 988 979)
4(798 987 988 799)
4(978 979 988 987)
4(799 988 989 800)
4(979 980 989 988)
4(793 802 991 982)
4(801 990 991 802)
4(981 982 991 990)
4(794 803 992 983)
4(802 991 992 803)
4(982 983 992 991)
4(795 804 993 984)
4(803 992 993 804)
4(983 984 993 992)
4(796 805 994 985)
4(804 993 994 805)
4(984 985 994 993)
4(797 806 995 986)
4(805 994 995 806)
4(985 986 995 994)
4(798 807 996 987)
4(806 995 996 807)
4(986 987 996 995)
4(799 808 997 988)
4(807 996 997 808)
4(987 988 997 996)
4(808 997 998 809)
4(988 989 998 997)
4(802 811 1000 991)
4(810 999 1000 811)
4(990 991 1000 999)
4(803 812 1001 992)
4(811 1000 1001 812)
4(991 992 1001 1000)
4(804 813 1002 993)
4(812 1001 1002 813)
4(992 993 1002 1001)
4(805 814 1003 994)
4(813 1002 1003 814)
4(993 994 1003 1002)
4(806 815 1004 995)
4(814 1003 1004 815)
4(994 995 1004 1003)
4(807 816 1005 996)
4(815 1004 1005 816)
4(995 996 1005 1004)
4(808 817 1006 997)
4(816 1005 1006 817)
4(996 997 1006 1005)
4(817 1006 1007 818)
4(997 998 1007 1006)
4(811 820 1009 1000)
4(819 1008 1009 820)
4(999 1000 1009 1008)
4(812 821 1010 1001)
4(820 1009 1010 821)
4(1000 1001 1010 1009)
4(813 822 1011 1002)
4(821 1010 1011 822)
4(1001 1002 1011 1010)
4(814 823 1012 1003)
4(822 1011 1012 823)
4(1002 1003 1012 1011)
4(815 824 1013 1004)
4(823 1012 1013 824)
4(1003 1004 1013 1012)
4(816 825 1014 1005)
4(824 1013 1014 825)
4(1004 1005 1014 1013)
4(817 826 1015 1006)
4(825 1014 1015 826)
4(1005 1006 1015 1014)
4(826 1015 1016 827)
4(1006 1007 1016 1015)
4(820 829 1018 1009)
4(828 1017 1018 829)
4(1008 1009 1018 1017)
4(821 830 1019 1010)
4(829 1018 1019 830)
4(1009 1010 1019 1018)
4(822 831 1020 1011)
4(830 1019 1020 831)
4(1010 1011 1020 1019)
4(823 832 1021 1012)
4(831 1020 1021 832)
4(1011 1012 1021 1020)
4(824 833 1022 1013)
4(832 1021 1022 833)
4(1012 1013 1022 1021)
4(825 834 1023 1014)
4(833 1022 1023 834)
4(1013 1014 1023 1022)
4(826 835 1024 1015)
4(834 1023 1024 835)
4(1014 1015 1024 1023)
4(835 1024 1025 836)
4(1015 1016 1025 1024)
4(829 838 1027 1018)
4(837 1026 1027 838)
4(1017 1018 1027 1026)
4(830 839 1028 1019)
4(838 1027 1028 839)
4(1018 1019 1028 1027)
4(831 840 1029 1020)
4(839 1028 1029 840)
4(1019 1020 1029 1028)
4(832 841 1030 1021)
4(840 1029 1030 841)
4(1020 1021 1030 1029)
4(833 842 1031 1022)
4(841 1030 1031 842)
4(1021 1022 1031 1030)
4(834 843 1032 1023)
4(842 1031 1032 843)
4(1022 1023 1032 1031)
4(835 844 1033 1024)
4(843 1032 1033 844)
4(1023 1024 1033 1032)
4(844 1033 1034 845)
4(1024 1025 1034 1033)
4(838 847 1036 1027)
4(846 1035 1036 847)
4(1026 1027 1036 1035)
4(839 848 1037 1028)
4(847 1036 1037 848)
4(1027 1028 1037 1036)
4(840 849 1038 1029)
4(848 1037 1038 849)
4(1028 1029 1038 1037)
4(841 850 1039 1030)
4(849 1038 1039 850)
4(1029 1030 1039 1038)
4(842 851 1040 1031)
4(850 1039 1040 851)
4(1030 1031 1040 1039)
4(843 852 1041 1032)
4(851 1040 1041 852)
4(1031 1032 1041 1040)
4(844 853 1042 1033)
4(852 1041 1042 853)
4(1032 1033 1042 1041)
4(853 1042 1043 854)
4(1033 1034 1043 1042)
4(847 856 1045 1036)
4(855 1044 1045 856)
4(1035 1036 1045 1044)
4(848 857 1046 1037)
4(856 1045 1046 857)
4(1036 1037 1046 1045)
4(849 858 1047 1038)
4(857 1046 1047 858)
4(1037 1038 1047 1046)
4(850 859 1048 1039)
4(858 1047 1048 859)
4(1038 1039 1048 1047)
4(851 860 1049 1040)
4(859 1048 1049 860)
4(1039 1040 1049 1048)
4(852 861 1050 1041)
4(860 1049 1050 861)
4(1040 1041 1050 1049)
4(853 862 1051 1042)
4(861 1050 1051 862)
4(1041 1042 1051 1050)
4(862 1051 1052 863)
4(1042 1043 1052 1051)
4(856 865 1054 1045)
4(864 1053 1054 865)
4(1044 1045 1054 1053)
4(857 866 1055 1046)
4(865 1054 1055 866)
4(1045 1046 1055 1054)
4(858 867 1056 1047)
4(866 1055 1056 867)
4(1046 1047 1056 1055)
4(859 868 1057 1048)
4(867 1056 1057 868)
4(1047 1048 1057 1056)
4(860 869 1058 1049)
4(868 1057 1058 869)
4(1048 1049 1058 1057)
4(861 870 1059 1050)
4(869 1058 1059 870)
4(1049 1050 1059 1058)
4(862 871 1060 1051)
4(870 1059 1060 871)
4(1050 1051 1060 1059)
4(871 1060 1061 872)
4(1051 1052 1061 1060)
4(865 874 1063 1054)
4(873 1062 1063 874)
4(1053 1054 1063 1062)
4(866 875 1064 1055)
4(874 1063 1064 875)
4(1054 1055 1064 1063)
4(867 876 1065 1056)
4(875 1064 1065 876)
4(1055 1056 1065 1064)
4(868 877 1066 1057)
4(876 1065 1066 877)
4(1056 1057 1066 1065)
4(869 878 1067 1058)
4(877 1066 1067 878)
4(1057 1058 1067 1066)
4(870 879 1068 1059)
4(878 1067 1068 879)
4(1058 1059 1068 1067)
4(871 880 1069 1060)
4(879 1068 1069 880)
4(1059 1060 1069 1068)
4(880 1069 1070 881)
4(1060 1061 1070 1069)
4(874 883 1072 1063)
4(882 1071 1072 883)
4(1062 1063 1072 1071)
4(875 884 1073 1064)
4(883 1072 1073 884)
4(1063 1064 1073 1072)
4(876 885 1074 1065)
4(884 1073 1074 885)
4(1064 1065 1074 1073)
4(877 886 1075 1066)
4(885 1074 1075 886)
4(1065 1066 1075 1074)
4(878 887 1076 1067)
4(886 1075 1076 887)
4(1066 1067 1076 1075)
4(879 888 1077 1068)
4(887 1076 1077 888)
4(1067 1068 1077 1076)
4(880 889 1078 1069)
4(888 1077 1078 889)
4(1068 1069 1078 1077)
4(889 1078 1079 890)
4(1069 1070 1079 1078)
4(883 892 1081 1072)
4(891 1080 1081 892)
4(1071 1072 1081 1080)
4(884 893 1082 1073)
4(892 1081 1082 893)
4(1072 1073 1082 1081)
4(885 894 1083 1074)
4(893 1082 1083 894)
4(1073 1074 1083 1082)
4(886 895 1084 1075)
4(894 1083 1084 895)
4(1074 1075 1084 1083)
4(887 896 1085 1076)
4(895 1084 1085 896)
4(1075 1076 1085 1084)
4(888 897 1086 1077)
4(896 1085 1086 897)
4(1076 1077 1086 1085)
4(889 898 1087 1078)
4(897 1086 1087 898)
4(1077 1078 1087 1086)
4(898 1087 1088 899)
4(1078 1079 1088 1087)
4(892 901 1090 1081)
4(900 1089 1090 901)
4(1080 1081 1090 1089)
4(893 902 1091 1082)
4(901 1090 1091 902)
4(1081 1082 1091 1090)
4(894 903 1092 1083)
4(902 1091 1092 903)
4(1082 1083 1092 1091)
4(895 904 1093 1084)
4(903 1092 1093 904)
4(1083 1084 1093 1092)
4(896 905 1094 1085)
4(904 1093 1094 905)
4(1084 1085 1094 1093)
4(897 906 1095 1086)
4(905 1094 1095 906)
4(1085 1086 1095 1094)
4(898 907 1096 1087)
4(906 1095 1096 907)
4(1086 1087 1096 1095)
4(907 1096 1097 908)
4(1087 1088 1097 1096)
4(901 910 1099 1090)
4(909 1098 1099 910)
4(1089 1090 1099 1098)
4(902 911 1100 1091)
4(910 1099 1100 911)
4(1090 1091 1100 1099)
4(903 912 1101 1092)
4(911 1100 1101 912)
4(1091 1092 1101 1100)
4(904 913 1102 1093)
4(912 1101 1102 913)
4(1092 1093 1102 1101)
4(905 914 1103 1094)
4(913 1102 1103 914)
4(1093 1094 1103 1102)
4(906 915 1104 1095)
4(914 1103 1104 915)
4(1094 1095 1104 1103)
4(907 916 1105 1096)
4(915 1104 1105 916)
4(1095 1096 1105 1104)
4(916 1105 1106 917)
4(1096 1097 1106 1105)
4(910 919 1108 1099)
4(918 1107 1108 919)
4(1098 1099 1108 1107)
4(911 920 1109 1100)
4(919 1108 1109 920)
4(1099 1100 1109 1108)
4(912 921 1110 1101)
4(920 1109 1110 921)
4(1100 1101 1110 1109)
4(913 922 1111 1102)
4(921 1110 1111 922)
4(1101 1102 1111 1110)
4(914 923 1112 1103)
4(922 1111 1112 923)
4(1102 1103 1112 1111)
4(915 924 1113 1104)
4(923 1112 1113 924)
4(1103 1104 1113 1112)
4(916 925 1114 1105)
4(924 1113 1114 925)
4(1104 1105 1114 1113)
4(925 1114 1115 926)
4(1105 1106 1115 1114)
4(919 928 1117 1108)
4(927 1116 1117 928)
4(1107 1108 1117 1116)
4(920 929 1118 1109)
4(928 1117 1118 929)
4(1108 1109 1118 1117)
4(921 930 1119 1110)
4(929 1118 1119 930)
4(1109 1110 1119 1118)
4(922 931 1120 1111)
4(930 1119 1120 931)
4(1110 1111 1120 1119)
4(923 932 1121 1112)
4(931 1120 1121 932)
4(1111 1112 1121 1120)
4(924 933 1122 1113)
4(932 1121 1122 933)
4(1112 1113 1122 1121)
4(925 934 1123 1114)
4(933 1122 1123 934)
4(1113 1114 1123 1122)
4(934 1123 1124 935)
4(1114 1115 1124 1123)
4(928 937 1126 1117)
4(1116 1117 1126 1125)
4(929 938 1127 1118)
4(1117 1118 1127 1126)
4(930 939 1128 1119)
4(1118 1119 1128 1127)
4(931 940 1129 1120)
4(1119 1120 1129 1128)
4(932 941 1130 1121)
4(1120 1121 1130 1129)
4(933 942 1131 1122)
4(1121 1122 1131 1130)
4(934 943 1132 1123)
4(1122 1123 1132 1131)
4(1123 1124 1133 1132)
4(946 955 1144 1135)
4(954 1143 1144 955)
4(1134 1135 1144 1143)
4(947 956 1145 1136)
4(955 1144 1145 956)
4(1135 1136 1145 1144)
4(948 957 1146 1137)
4(956 1145 1146 957)
4(1136 1137 1146 1145)
4(949 958 1147 1138)
4(957 1146 1147 958)
4(1137 1138 1147 1146)
4(950 959 1148 1139)
4(958 1147 1148 959)
4(1138 1139 1148 1147)
4(951 960 1149 1140)
4(959 1148 1149 960)
4(1139 1140 1149 1148)
4(952 961 1150 1141)
4(960 1149 1150 961)
4(1140 1141 1150 1149)
4(961 1150 1151 962)
4(1141 1142 1151 1150)
4(955 964 1153 1144)
4(963 1152 1153 964)
4(1143 1144 1153 1152)
4(956 965 1154 1145)
4(964 1153 1154 965)
4(1144 1145 1154 1153)
4(957 966 1155 1146)
4(965 1154 1155 966)
4(1145 1146 1155 1154)
4(958 967 1156 1147)
4(966 1155 1156 967)
4(1146 1147 1156 1155)
4(959 968 1157 1148)
4(967 1156 1157 968)
4(1147 1148 1157 1156)
4(960 969 1158 1149)
4(968 1157 1158 969)
4(1148 1149 1158 1157)
4(961 970 1159 1150)
4(969 1158 1159 970)
4(1149 1150 1159 1158)
4(970 1159 1160 971)
4(1150 1151 1160 1159)
4(964 973 1162 1153)
4(972 1161 1162 973)
4(1152 1153 1162 1161)
4(965 974 1163 1154)
4(973 1162 1163 974)
4(1153 1154 1163 1162)
4(966 975 1164 1155)
4(974 1163 1164 975)
4(1154 1155 1164 1163)
4(967 976 1165 1156)
4(975 1164 1165 976)
4(1155 1156 1165 1164)
4(968 977 1166 1157)
4(976 1165 1166 977)
4(1156 1157 1166 1165)
4(969 978 1167 1158)
4(977 1166 1167 978)
4(1157 1158 1167 1166)
4(970 979 1168 1159)
4(978 1167 1168 979)
4(1158 1159 1168 1167)
4(979 1168 1169 980)
4(1159 1160 1169 1168)
4(973 982 1171 1162)
4(981 1170 1171 982)
4(1161 1162 1171 1170)
4(974 983 1172 1163)
4(982 1171 1172 983)
4(1162 1163 1172 1171)
4(975 984 1173 1164)
4(983 1172 1173 984)
4(1163 1164 1173 1172)
4(976 985 1174 1165)
4(984 1173 1174 985)
4(1164 1165 1174 1173)
4(977 986 1175 1166)
4(985 1174 1175 986)
4(1165 1166 1175 1174)
4(978 987 1176 1167)
4(986 1175 1176 987)
4(1166 1167 1176 1175)
4(979 988 1177 1168)
4(987 1176 1177 988)
4(1167 1168 1177 1176)
4(988 1177 1178 989)
4(1168 1169 1178 1177)
4(982 991 1180 1171)
4(990 1179 1180 991)
4(1170 1171 1180 1179)
4(983 992 1181 1172)
4(991 1180 1181 992)
4(1171 1172 1181 1180)
4(984 993 1182 1173)
4(992 1181 1182 993)
4(1172 1173 1182 1181)
4(985 994 1183 1174)
4(993 1182 1183 994)
4(1173 1174 1183 1182)
4(986 995 1184 1175)
4(994 1183 1184 995)
4(1174 1175 1184 1183)
4(987 996 1185 1176)
4(995 1184 1185 996)
4(1175 1176 1185 1184)
4(988 997 1186 1177)
4(996 1185 1186 997)
4(1176 1177 1186 1185)
4(997 1186 1187 998)
4(1177 1178 1187 1186)
4(991 1000 1189 1180)
4(999 1188 1189 1000)
4(1179 1180 1189 1188)
4(992 1001 1190 1181)
4(1000 1189 1190 1001)
4(1180 1181 1190 1189)
4(993 1002 1191 1182)
4(1001 1190 1191 1002)
4(1181 1182 1191 1190)
4(994 1003 1192 1183)
4(1002 1191 1192 1003)
4(1182 1183 1192 1191)
4(995 1004 1193 1184)
4(1003 1192 1193 1004)
4(1183 1184 1193 1192)
4(996 1005 1194 1185)
4(1004 1193 1194 1005)
4(1184 1185 1194 1193)
4(997 1006 1195 1186)
4(1005 1194 1195 1006)
4(1185 1186 1195 1194)
4(1006 1195 1196 1007)
4(1186 1187 1196 1195)
4(1000 1009 1198 1189)
4(1008 1197 1198 1009)
4(1188 1189 1198 1197)
4(1001 1010 1199 1190)
4(1009 1198 1199 1010)
4(1189 1190 1199 1198)
4(1002 1011 1200 1191)
4(1010 1199 1200 1011)
4(1190 1191 1200 1199)
4(1003 1012 1201 1192)
4(1011 1200 1201 1012)
4(1191 1192 1201 1200)
4(1004 1013 1202 1193)
4(1012 1201 1202 1013)
4(1192 1193 1202 1201)
4(1005 1014 1203 1194)
4(1013 1202 1203 1014)
4(1193 1194 1203 1202)
4(1006 1015 1204 1195)
4(1014 1203 1204 1015)
4(1194 1195 1204 1203)
4(1015 1204 1205 1016)
4(1195 1196 1205 1204)
4(1009 1018 1207 1198)
4(1017 1206 1207 1018)
4(1197 1198 1207 1206)
4(1010 1019 1208 1199)
4(1018 1207 1208 1019)
4(1198 1199 1208 1207)
4(1011 1020 1209 1200)
4(1019 1208 1209 1020)
4(1199 1200 1209 1208)
4(1012 1021 1210 1201)
4(1020 1209 1210 1021)
4(1200 1201 1210 1209)
4(1013 1022 1211 1202)
4(1021 1210 1211 1022)
4(1201 1202 1211 1210)
4(1014 1023 1212 1203)
4(1022 1211 1212 1023)
4(1202 1203 1212 1211)
4(1015 1024 1213 1204)
4(1023 1212 1213 1024)
4(1203 1204 1213 1212)
4(1024 1213 1214 1025)
4(1204 1205 1214 1213)
4(1018 1027 1216 1207)
4(1026 1215 1216 1027)
4(1206 1207 1216 1215)
4(1019 1028 1217 1208)
4(1027 1216 1217 1028)
4(1207 1208 1217 1216)
4(1020 1029 1218 1209)
4(1028 1217 1218 1029)
4(1208 1209 1218 1217)
4(1021 1030 1219 1210)
4(1029 1218 1219 1030)
4(1209 1210 1219 1218)
4(1022 1031 1220 1211)
4(1030 1219 1220 1031)
4(1210 1211 1220 1219)
4(1023 1032 1221 1212)
4(1031 1220 1221 1032)
4(1211 1212 1221 1220)
4(1024 1033 1222 1213)
4(1032 1221 1222 1033)
4(1212 1213 1222 1221)
4(1033 1222 1223 1034)
4(1213 1214 1223 1222)
4(1027 1036 1225 1216)
4(1035 1224 1225 1036)
4(1215 1216 1225 1224)
4(1028 1037 1226 1217)
4(1036 1225 1226 1037)
4(1216 1217 1226 1225)
4(1029 1038 1227 1218)
4(1037 1226 1227 1038)
4(1217 1218 1227 1226)
4(1030 1039 1228 1219)
4(1038 1227 1228 1039)
4(1218 1219 1228 1227)
4(1031 1040 1229 1220)
4(1039 1228 1229 1040)
4(1219 1220 1229 1228)
4(1032 1041 1230 1221)
4(1040 1229 1230 1041)
4(1220 1221 1230 1229)
4(1033 1042 1231 1222)
4(1041 1230 1231 1042)
4(1221 1222 1231 1230)
4(1042 1231 1232 1043)
4(1222 1223 1232 1231)
4(1036 1045 1234 1225)
4(1044 1233 1234 1045)
4(1224 1225 1234 1233)
4(1037 1046 1235 1226)
4(1045 1234 1235 1046)
4(1225 1226 1235 1234)
4(1038 1047 1236 1227)
4(1046 1235 1236 1047)
4(1226 1227 1236 1235)
4(1039 1048 1237 1228)
4(1047 1236 1237 1048)
4(1227 1228 1237 1236)
4(1040 1049 1238 1229)
4(1048 1237 1238 1049)
4(1228 1229 1238 1237)
4(1041 1050 1239 1230)
4(1049 1238 1239 1050)
4(1229 1230 1239 1238)
4(1042 1051 1240 1231)
4(1050 1239 1240 1051)
4(1230 1231 1240 1239)
4(1051 1240 1241 1052)
4(1231 1232 1241 1240)
4(1045 1054 1243 1234)
4(1053 1242 1243 1054)
4(1233 1234 1243 1242)
4(1046 1055 1244 1235)
4(1054 1243 1244 1055)
4(1234 1235 1244 1243)
4(1047 1056 1245 1236)
4(1055 1244 1245 1056)
4(1235 1236 1245 1244)
4(1048 1057 1246 1237)
4(1056 1245 1246 1057)
4(1236 1237 1246 1245)
4(1049 1058 1247 1238)
4(1057 1246 1247 1058)
4(1237 1238 1247 1246)
4(1050 1059 1248 1239)
4(1058 1247 1248 1059)
4(1238 1239 1248 1247)
4(1051 1060 1249 1240)
4(1059 1248 1249 1060)
4(1239 1240 1249 1248)
4(1060 1249 1250 1061)
4(1240 1241 1250 1249)
4(1054 1063 1252 1243)
4(1062 1251 1252 1063)
4(1242 1243 1252 1251)
4(1055 1064 1253 1244)
4(1063 1252 1253 1064)
4(1243 1244 1253 1252)
4(1056 1065 1254 1245)
4(1064 1253 1254 1065)
4(1244 1245 1254 1253)
4(1057 1066 1255 1246)
4(1065 1254 1255 1066)
4(1245 1246 1255 1254)
4(1058 1067 1256 1247)
4(1066 1255 1256 1067)
4(1246 1247 1256 1255)
4(1059 1068 1257 1248)
4(1067 1256 1257 1068)
4(1247 1248 1257 1256)
4(1060 1069 1258 1249)
4(1068 1257 1258 1069)
4(1248 1249 1258 1257)
4(1069 1258 1259 1070)
4(1249 1250 1259 1258)
4(1063 1072 1261 1252)
4(1071 1260 1261 1072)
4(1251 1252 1261 1260)
4(1064 1073 1262 1253)
4(1072 1261 1262 1073)
4(1252 1253 1262 1261)
4(1065 1074 1263 1254)
4(1073 1262 1263 1074)
4(1253 1254 1263 1262)
4(1066 1075 1264 1255)
4(1074 1263 1264 1075)
4(1254 1255 1264 1263)
4(1067 1076 1265 1256)
4(1075 1264 1265 1076)
4(1255 1256 1265 1264)
4(1068 1077 1266 1257)
4(1076 1265 1266 1077)
4(1256 1257 1266 1265)
4(1069 1078 1267 1258)
4(1077 1266 1267 1078)
4(1257 1258 1267 1266)
4(1078 1267 1268 1079)
4(1258 1259 1268 1267)
4(1072 1081 1270 1261)
4(1080 1269 1270 1081)
4(1260 1261 1270 1269)
4(1073 1082 1271 1262)
4(1081 1270 1271 1082)
4(1261 1262 1271 1270)
4(1074 1083 1272 1263)
4(1082 1271 1272 1083)
4(1262 1263 1272 1271)
4(1075 1084 1273 1264)
4(1083 1272 1273 1084)
4(1263 1264 1273 1272)
4(1076 1085 1274 1265)
4(1084 1273 1274 1085)
4(1264 1265 1274 1273)
4(1077 1086 1275 1266)
4(1085 1274 1275 1086)
4(1265 1266 1275 1274)
4(1078 1087 1276 1267)
4(1086 1275 1276 1087)
4(1266 1267 1276 1275)
4(1087 1276 1277 1088)
4(1267 1268 1277 1276)
4(1081 1090 1279 1270)
4(1089 1278 1279 1090)
4(1269 1270 1279 1278)
4(1082 1091 1280 1271)
4(1090 1279 1280 1091)
4(1270 1271 1280 1279)
4(1083 1092 1281 1272)
4(1091 1280 1281 1092)
4(1271 1272 1281 1280)
4(1084 1093 1282 1273)
4(1092 1281 1282 1093)
4(1272 1273 1282 1281)
4(1085 1094 1283 1274)
4(1093 1282 1283 1094)
4(1273 1274 1283 1282)
4(1086 1095 1284 1275)
4(1094 1283 1284 1095)
4(1274 1275 1284 1283)
4(1087 1096 1285 1276)
4(1095 1284 1285 1096)
4(1275 1276 1285 1284)
4(1096 1285 1286 1097)
4(1276 1277 1286 1285)
4(1090 1099 1288 1279)
4(1098 1287 1288 1099)
4(1278 1279 1288 1287)
4(1091 1100 1289 1280)
4(1099 1288 1289 1100)
4(1279 1280 1289 1288)
4(1092 1101 1290 1281)
4(1100 1289 1290 1101)
4(1280 1281 1290 1289)
4(1093 1102 1291 1282)
4(1101 1290 1291 1102)
4(1281 1282 1291 1290)
4(1094 1103 1292 1283)
4(1102 1291 1292 1103)
4(1282 1283 1292 1291)
4(1095 1104 1293 1284)
4(1103 1292 1293 1104)
4(1283 1284 1293 1292)
4(1096 1105 1294 1285)
4(1104 1293 1294 1105)
4(1284 1285 1294 1293)
4(1105 1294 1295 1106)
4(1285 1286 1295 1294)
4(1099 1108 1297 1288)
4(1107 1296 1297 1108)
4(1287 1288 1297 1296)
4(1100 1109 1298 1289)
4(1108 1297 1298 1109)
4(1288 1289 1298 1297)
4(1101 1110 1299 1290)
4(1109 1298 1299 1110)
4(1289 1290 1299 1298)
4(1102 1111 1300 1291)
4(1110 1299 1300 1111)
4(1290 1291 1300 1299)
4(1103 1112 1301 1292)
4(1111 1300 1301 1112)
4(1291 1292 1301 1300)
4(1104 1113 1302 1293)
4(1112 1301 1302 1113)
4(1292 1293 1302 1301)
4(1105 1114 1303 1294)
4(1113 1302 1303 1114)
4(1293 1294 1303 1302)
4(1114 1303 1304 1115)
4(1294 1295 1304 1303)
4(1108 1117 1306 1297)
4(1116 1305 1306 1117)
4(1296 1297 1306 1305)
4(1109 1118 1307 1298)
4(1117 1306 1307 1118)
4(1297 1298 1307 1306)
4(1110 1119 1308 1299)
4(1118 1307 1308 1119)
4(1298 1299 1308 1307)
4(1111 1120 1309 1300)
4(1119 1308 1309 1120)
4(1299 1300 1309 1308)
4(1112 1121 1310 1301)
4(1120 1309 1310 1121)
4(1300 1301 1310 1309)
4(1113 1122 1311 1302)
4(1121 1310 1311 1122)
4(1301 1302 1311 1310)
4(1114 1123 1312 1303)
4(1122 1311 1312 1123)
4(1302 1303 1312 1311)
4(1123 1312 1313 1124)
4(1303 1304 1313 1312)
4(1117 1126 1315 1306)
4(1305 1306 1315 1314)
4(1118 1127 1316 1307)
4(1306 1307 1316 1315)
4(1119 1128 1317 1308)
4(1307 1308 1317 1316)
4(1120 1129 1318 1309)
4(1308 1309 1318 1317)
4(1121 1130 1319 1310)
4(1309 1310 1319 1318)
4(1122 1131 1320 1311)
4(1310 1311 1320 1319)
4(1123 1132 1321 1312)
4(1311 1312 1321 1320)
4(1312 1313 1322 1321)
4(1135 1144 1333 1324)
4(1143 1332 1333 1144)
4(1323 1324 1333 1332)
4(1136 1145 1334 1325)
4(1144 1333 1334 1145)
4(1324 1325 1334 1333)
4(1137 1146 1335 1326)
4(1145 1334 1335 1146)
4(1325 1326 1335 1334)
4(1138 1147 1336 1327)
4(1146 1335 1336 1147)
4(1326 1327 1336 1335)
4(1139 1148 1337 1328)
4(1147 1336 1337 1148)
4(1327 1328 1337 1336)
4(1140 1149 1338 1329)
4(1148 1337 1338 1149)
4(1328 1329 1338 1337)
4(1141 1150 1339 1330)
4(1149 1338 1339 1150)
4(1329 1330 1339 1338)
4(1150 1339 1340 1151)
4(1330 1331 1340 1339)
4(1144 1153 1342 1333)
4(1152 1341 1342 1153)
4(1332 1333 1342 1341)
4(1145 1154 1343 1334)
4(1153 1342 1343 1154)
4(1333 1334 1343 1342)
4(1146 1155 1344 1335)
4(1154 1343 1344 1155)
4(1334 1335 1344 1343)
4(1147 1156 1345 1336)
4(1155 1344 1345 1156)
4(1335 1336 1345 1344)
4(1148 1157 1346 1337)
4(1156 1345 1346 1157)
4(1336 1337 1346 1345)
4(1149 1158 1347 1338)
4(1157 1346 1347 1158)
4(1337 1338 1347 1346)
4(1150 1159 1348 1339)
4(1158 1347 1348 1159)
4(1338 1339 1348 1347)
4(1159 1348 1349 1160)
4(1339 1340 1349 1348)
4(1153 1162 1351 1342)
4(1161 1350 1351 1162)
4(1341 1342 1351 1350)
4(1154 1163 1352 1343)
4(1162 1351 1352 1163)
4(1342 1343 1352 1351)
4(1155 1164 1353 1344)
4(1163 1352 1353 1164)
4(1343 1344 1353 1352)
4(1156 1165 1354 1345)
4(1164 1353 1354 1165)
4(1344 1345 1354 1353)
4(1157 1166 1355 1346)
4(1165 1354 1355 1166)
4(1345 1346 1355 1354)
4(1158 1167 1356 1347)
4(1166 1355 1356 1167)
4(1346 1347 1356 1355)
4(1159 1168 1357 1348)
4(1167 1356 1357 1168)
4(1347 1348 1357 1356)
4(1168 1357 1358 1169)
4(1348 1349 1358 1357)
4(1162 1171 1360 1351)
4(1170 1359 1360 1171)
4(1350 1351 1360 1359)
4(1163 1172 1361 1352)
4(1171 1360 1361 1172)
4(1351 1352 1361 1360)
4(1164 1173 1362 1353)
4(1172 1361 1362 1173)
4(1352 1353 1362 1361)
4(1165 1174 1363 1354)
4(1173 1362 1363 1174)
4(1353 1354 1363 1362)
4(1166 1175 1364 1355)
4(1174 1363 1364 1175)
4(1354 1355 1364 1363)
4(1167 1176 1365 1356)
4(1175 1364 1365 1176)
4(1355 1356 1365 1364)
4(1168 1177 1366 1357)
4(1176 1365 1366 1177)
4(1356 1357 1366 1365)
4(1177 1366 1367 1178)
4(1357 1358 1367 1366)
4(1171 1180 1369 1360)
4(1179 1368 1369 1180)
4(1359 1360 1369 1368)
4(1172 1181 1370 1361)
4(1180 1369 1370 1181)
4(1360 1361 1370 1369)
4(1173 1182 1371 1362)
4(1181 1370 1371 1182)
4(1361 1362 1371 1370)
4(1174 1183 1372 1363)
4(1182 1371 1372 1183)
4(1362 1363 1372 1371)
4(1175 1184 1373 1364)
4(1183 1372 1373 1184)
4(1363 1364 1373 1372)
4(1176 1185 1374 1365)
4(1184 1373 1374 1185)
4(1364 1365 1374 1373)
4(1177 1186 1375 1366)
4(1185 1374 1375 1186)
4(1365 1366 1375 1374)
4(1186 1375 1376 1187)
4(1366 1367 1376 1375)
4(1180 1189 1378 1369)
4(1188 1377 1378 1189)
4(1368 1369 1378 1377)
4(1181 1190 1379 1370)
4(1189 1378 1379 1190)
4(1369 1370 1379 1378)
4(1182 1191 1380 1371)
4(1190 1379 1380 1191)
4(1370 1371 1380 1379)
4(1183 1192 1381 1372)
4(1191 1380 1381 1192)
4(1371 1372 1381 1380)
4(1184 1193 1382 1373)
4(1192 1381 1382 1193)
4(1372 1373 1382 1381)
4(1185 1194 1383 1374)
4(1193 1382 1383 1194)
4(1373 1374 1383 1382)
4(1186 1195 1384 1375)
4(1194 1383 1384 1195)
4(1374 1375 1384 1383)
4(1195 1384 1385 1196)
4(1375 1376 1385 1384)
4(1189 1198 1387 1378)
4(1197 1386 1387 1198)
4(1377 1378 1387 1386)
4(1190 1199 1388 1379)
4(1198 1387 1388 1199)
4(1378 1379 1388 1387)
4(1191 1200 1389 1380)
4(1199 1388 1389 1200)
4(1379 1380 1389 1388)
4(1192 1201 1390 1381)
4(1200 1389 1390 1201)
4(1380 1381 1390 1389)
4(1193 1202 1391 1382)
4(1201 1390 1391 1202)
4(1381 1382 1391 1390)
4(1194 1203 1392 1383)
4(1202 1391 1392 1203)
4(1382 1383 1392 1391)
4(1195 1204 1393 1384)
4(1203 1392 1393 1204)
4(1383 1384 1393 1392)
4(1204 1393 1394 1205)
4(1384 1385 1394 1393)
4(1198 1207 1396 1387)
4(1206 1395 1396 1207)
4(1386 1387 1396 1395)
4(1199 1208 1397 1388)
4(1207 1396 1397 1208)
4(1387 1388 1397 1396)
4(1200 1209 1398 1389)
4(1208 1397 1398 1209)
4(1388 1389 1398 1397)
4(1201 1210 1399 1390)
4(1209 1398 1399 1210)
4(1389 1390 1399 1398)
4(1202 1211 1400 1391)
4(1210 1399 1400 1211)
4(1390 1391 1400 1399)
4(1203 1212 1401 1392)
4(1211 1400 1401 1212)
4(1391 1392 1401 1400)
4(1204 1213 1402 1393)
4(1212 1401 1402 1213)
4(1392 1393 1402 1401)
4(1213 1402 1403 1214)
4(1393 1394 1403 1402)
4(1207 1216 1405 1396)
4(1215 1404 1405 1216)
4(1395 1396 1405 1404)
4(1208 1217 1406 1397)
4(1216 1405 1406 1217)
4(1396 1397 1406 1405)
4(1209 1218 1407 1398)
4(1217 1406 1407 1218)
4(1397 1398 1407 1406)
4(1210 1219 1408 1399)
4(1218 1407 1408 1219)
4(1398 1399 1408 1407)
4(1211 1220 1409 1400)
4(1219 1408 1409 1220)
4(1399 1400 1409 1408)
4(1212 1221 1410 1401)
4(1220 1409 1410 1221)
4(1400 1401 1410 1409)
4(1213 1222 1411 1402)
4(1221 1410 1411 1222)
4(1401 1402 1411 1410)
4(1222 1411 1412 1223)
4(1402 1403 1412 1411)
4(1216 1225 1414 1405)
4(1224 1413 1414 1225)
4(1404 1405 1414 1413)
4(1217 1226 1415 1406)
4(1225 1414 1415 1226)
4(1405 1406 1415 1414)
4(1218 1227 1416 1407)
4(1226 1415 1416 1227)
4(1406 1407 1416 1415)
4(1219 1228 1417 1408)
4(1227 1416 1417 1228)
4(1407 1408 1417 1416)
4(1220 1229 1418 1409)
4(1228 1417 1418 1229)
4(1408 1409 1418 1417)
4(1221 1230 1419 1410)
4(1229 1418 1419 1230)
4(1409 1410 1419 1418)
4(1222 1231 1420 1411)
4(1230 1419 1420 1231)
4(1410 1411 1420 1419)
4(1231 1420 1421 1232)
4(1411 1412 1421 1420)
4(1225 1234 1423 1414)
4(1233 1422 1423 1234)
4(1413 1414 1423 1422)
4(1226 1235 1424 1415)
4(1234 1423 1424 1235)
4(1414 1415 1424 1423)
4(1227 1236 1425 1416)
4(1235 1424 1425 1236)
4(1415 1416 1425 1424)
4(1228 1237 1426 1417)
4(1236 1425 1426 1237)
4(1416 1417 1426 1425)
4(1229 1238 1427 1418)
4(1237 1426 1427 1238)
4(1417 1418 1427 1426)
4(1230 1239 1428 1419)
4(1238 1427 1428 1239)
4(1418 1419 1428 1427)
4(1231 1240 1429 1420)
4(1239 1428 1429 1240)
4(1419 1420 1429 1428)
4(1240 1429 1430 1241)
4(1420 1421 1430 1429)
4(1234 1243 1432 1423)
4(1242 1431 1432 1243)
4(1422 1423 1432 1431)
4(1235 1244 1433 1424)
4(1243 1432 1433 1244)
4(1423 1424 1433 1432)
4(1236 1245 1434 1425)
4(1244 1433 1434 1245)
4(1424 1425 1434 1433)
4(1237 1246 1435 1426)
4(1245 1434 1435 1246)
4(1425 1426 1435 1434)
4(1238 1247 1436 1427)
4(1246 1435 1436 1247)
4(1426 1427 1436 1435)
4(1239 1248 1437 1428)
4(1247 1436 1437 1248)
4(1427 1428 1437 1436)
4(1240 1249 1438 1429)
4(1248 1437 1438 1249)
4(1428 1429 1438 1437)
4(1249 1438 1439 1250)
4(1429 1430 1439 1438)
4(1243 1252 1441 1432)
4(1251 1440 1441 1252)
4(1431 1432 1441 1440)
4(1244 1253 1442 1433)
4(1252 1441 1442 1253)
4(1432 1433 1442 1441)
4(1245 1254 1443 1434)
4(1253 1442 1443 1254)
4(1433 1434 1443 1442)
4(1246 1255 1444 1435)
4(1254 1443 1444 1255)
4(1434 1435 1444 1443)
4(1247 1256 1445 1436)
4(1255 1444 1445 1256)
4(1435 1436 1445 1444)
4(1248 1257 1446 1437)
4(1256 1445 1446 1257)
4(1436 1437 1446 1445)
4(1249 1258 1447 1438)
4(1257 1446 1447 1258)
4(1437 1438 1447 1446)
4(1258 1447 1448 1259)
4(1438 1439 1448 1447)
4(1252 1261 1450 1441)
4(1260 1449 1450 1261)
4(1440 1441 1450 1449)
4(1253 1262 1451 1442)
4(1261 1450 1451 1262)
4(1441 1442 1451 1450)
4(1254 1263 1452 1443)
4(1262 1451 1452 1263)
4(1442 1443 1452 1451)
4(1255 1264 1453 1444)
4(1263 1452 1453 1264)
4(1443 1444 1453 1452)
4(1256 1265 1454 1445)
4(1264 1453 1454 1265)
4(1444 1445 1454 1453)
4(1257 1266 1455 1446)
4(1265 1454 1455 1266)
4(1445 1446 1455 1454)
4(1258 1267 1456 1447)
4(1266 1455 1456 1267)
4(1446 1447 1456 1455)
4(1267 1456 1457 1268)
4(1447 1448 1457 1456)
4(1261 1270 1459 1450)
4(1269 1458 1459 1270)
4(1449 1450 1459 1458)
4(1262 1271 1460 1451)
4(1270 1459 1460 1271)
4(1450 1451 1460 1459)
4(1263 1272 1461 1452)
4(1271 1460 1461 1272)
4(1451 1452 1461 1460)
4(1264 1273 1462 1453)
4(1272 1461 1462 1273)
4(1452 1453 1462 1461)
4(1265 1274 1463 1454)
4(1273 1462 1463 1274)
4(1453 1454 1463 1462)
4(1266 1275 1464 1455)
4(1274 1463 1464 1275)
4(1454 1455 1464 1463)
4(1267 1276 1465 1456)
4(1275 1464 1465 1276)
4(1455 1456 1465 1464)
4(1276 1465 1466 1277)
4(1456 1457 1466 1465)
4(1270 1279 1468 1459)
4(1278 1467 1468 1279)
4(1458 1459 1468 1467)
4(1271 1280 1469 1460)
4(1279 1468 1469 1280)
4(1459 1460 1469 1468)
4(1272 1281 1470 1461)
4(1280 1469 1470 1281)
4(1460 1461 1470 1469)
4(1273 1282 1471 1462)
4(1281 1470 1471 1282)
4(1461 1462 1471 1470)
4(1274 1283 1472 1463)
4(1282 1471 1472 1283)
4(1462 1463 1472 1471)
4(1275 1284 1473 1464)
4(1283 1472 1473 1284)
4(1463 1464 1473 1472)
4(1276 1285 1474 1465)
4(1284 1473 1474 1285)
4(1464 1465 1474 1473)
4(1285 1474 1475 1286)
4(1465 1466 1475 1474)
4(1279 1288 1477 1468)
4(1287 1476 1477 1288)
4(1467 1468 1477 1476)
4(1280 1289 1478 1469)
4(1288 1477 1478 1289)
4(1468 1469 1478 1477)
4(1281 1290 1479 1470)
4(1289 1478 1479 1290)
4(1469 1470 1479 1478)
4(1282 1291 1480 1471)
4(1290 1479 1480 1291)
4(1470 1471 1480 1479)
4(1283 1292 1481 1472)
4(1291 1480 1481 1292)
4(1471 1472 1481 1480)
4(1284 1293 1482 1473)
4(1292 1481 1482 1293)
4(1472 1473 1482 1481)
4(1285 1294 1483 1474)
4(1293 1482 1483 1294)
4(1473 1474 1483 1482)
4(1294 1483 1484 1295)
4(1474 1475 1484 1483)
4(1288 1297 1486 1477)
4(1296 1485 1486 1297)
4(1476 1477 1486 1485)
4(1289 1298 1487 1478)
4(1297 1486 1487 1298)
4(1477 1478 1487 1486)
4(1290 1299 1488 1479)
4(1298 1487 1488 1299)
4(1478 1479 1488 1487)
4(1291 1300 1489 1480)
4(1299 1488 1489 1300)
4(1479 1480 1489 1488)
4(1292 1301 1490 1481)
4(1300 1489 1490 1301)
4(1480 1481 1490 1489)
4(1293 1302 1491 1482)
4(1301 1490 1491 1302)
4(1481 1482 1491 1490)
4(1294 1303 1492 1483)
4(1302 1491 1492 1303)
4(1482 1483 1492 1491)
4(1303 1492 1493 1304)
4(1483 1484 1493 1492)
4(1297 1306 1495 1486)
4(1305 1494 1495 1306)
4(1485 1486 1495 1494)
4(1298 1307 1496 1487)
4(1306 1495 1496 1307)
4(1486 1487 1496 1495)
4(1299 1308 1497 1488)
4(1307 1496 1497 1308)
4(1487 1488 1497 1496)
4(1300 1309 1498 1489)
4(1308 1497 1498 1309)
4(1488 1489 1498 1497)
4(1301 1310 1499 1490)
4(1309 1498 1499 1310)
4(1489 1490 1499 1498)
4(1302 1311 1500 1491)
4(1310 1499 1500 1311)
4(1490 1491 1500 1499)
4(1303 1312 1501 1492)
4(1311 1500 1501 1312)
4(1491 1492 1501 1500)
4(1312 1501 1502 1313)
4(1492 1493 1502 1501)
4(1306 1315 1504 1495)
4(1494 1495 1504 1503)
4(1307 1316 1505 1496)
4(1495 1496 1505 1504)
4(1308 1317 1506 1497)
4(1496 1497 1506 1505)
4(1309 1318 1507 1498)
4(1497 1498 1507 1506)
4(1310 1319 1508 1499)
4(1498 1499 1508 1507)
4(1311 1320 1509 1500)
4(1499 1500 1509 1508)
4(1312 1321 1510 1501)
4(1500 1501 1510 1509)
4(1501 1502 1511 1510)
4(1324 1333 1522 1513)
4(1332 1521 1522 1333)
4(1325 1334 1523 1514)
4(1333 1522 1523 1334)
4(1326 1335 1524 1515)
4(1334 1523 1524 1335)
4(1327 1336 1525 1516)
4(1335 1524 1525 1336)
4(1328 1337 1526 1517)
4(1336 1525 1526 1337)
4(1329 1338 1527 1518)
4(1337 1526 1527 1338)
4(1330 1339 1528 1519)
4(1338 1527 1528 1339)
4(1339 1528 1529 1340)
4(1333 1342 1531 1522)
4(1341 1530 1531 1342)
4(1334 1343 1532 1523)
4(1342 1531 1532 1343)
4(1335 1344 1533 1524)
4(1343 1532 1533 1344)
4(1336 1345 1534 1525)
4(1344 1533 1534 1345)
4(1337 1346 1535 1526)
4(1345 1534 1535 1346)
4(1338 1347 1536 1527)
4(1346 1535 1536 1347)
4(1339 1348 1537 1528)
4(1347 1536 1537 1348)
4(1348 1537 1538 1349)
4(1342 1351 1540 1531)
4(1350 1539 1540 1351)
4(1343 1352 1541 1532)
4(1351 1540 1541 1352)
4(1344 1353 1542 1533)
4(1352 1541 1542 1353)
4(1345 1354 1543 1534)
4(1353 1542 1543 1354)
4(1346 1355 1544 1535)
4(1354 1543 1544 1355)
4(1347 1356 1545 1536)
4(1355 1544 1545 1356)
4(1348 1357 1546 1537)
4(1356 1545 1546 1357)
4(1357 1546 1547 1358)
4(1351 1360 1549 1540)
4(1359 1548 1549 1360)
4(1352 1361 1550 1541)
4(1360 1549 1550 1361)
4(1353 1362 1551 1542)
4(1361 1550 1551 1362)
4(1354 1363 1552 1543)
4(1362 1551 1552 1363)
4(1355 1364 1553 1544)
4(1363 1552 1553 1364)
4(1356 1365 1554 1545)
4(1364 1553 1554 1365)
4(1357 1366 1555 1546)
4(1365 1554 1555 1366)
4(1366 1555 1556 1367)
4(1360 1369 1558 1549)
4(1368 1557 1558 1369)
4(1361 1370 1559 1550)
4(1369 1558 1559 1370)
4(1362 1371 1560 1551)
4(1370 1559 1560 1371)
4(1363 1372 1561 1552)
4(1371 1560 1561 1372)
4(1364 1373 1562 1553)
4(1372 1561 1562 1373)
4(1365 1374 1563 1554)
4(1373 1562 1563 1374)
4(1366 1375 1564 1555)
4(1374 1563 1564 1375)
4(1375 1564 1565 1376)
4(1369 1378 1567 1558)
4(1377 1566 1567 1378)
4(1370 1379 1568 1559)
4(1378 1567 1568 1379)
4(1371 1380 1569 1560)
4(1379 1568 1569 1380)
4(1372 1381 1570 1561)
4(1380 1569 1570 1381)
4(1373 1382 1571 1562)
4(1381 1570 1571 1382)
4(1374 1383 1572 1563)
4(1382 1571 1572 1383)
4(1375 1384 1573 1564)
4(1383 1572 1573 1384)
4(1384 1573 1574 1385)
4(1378 1387 1576 1567)
4(1386 1575 1576 1387)
4(1379 1388 1577 1568)
4(1387 1576 1577 1388)
4(1380 1389 1578 1569)
4(1388 1577 1578 1389)
4(1381 1390 1579 1570)
4(1389 1578 1579 1390)
4(1382 1391 1580 1571)
4(1390 1579 1580 1391)
4(1383 1392 1581 1572)
4(1391 1580 1581 1392)
4(1384 1393 1582 1573)
4(1392 1581 1582 1393)
4(1393 1582 1583 1394)
4(1387 1396 1585 1576)
4(1395 1584 1585 1396)
4(1388 1397 1586 1577)
4(1396 1585 1586 1397)
4(1389 1398 1587 1578)
4(1397 1586 1587 1398)
4(1390 1399 1588 1579)
4(1398 1587 1588 1399)
4(1391 1400 1589 1580)
4(1399 1588 1589 1400)
4(1392 1401 1590 1581)
4(1400 1589 1590 1401)
4(1393 1402 1591 1582)
4(1401 1590 1591 1402)
4(1402 1591 1592 1403)
4(1396 1405 1594 1585)
4(1404 1593 1594 1405)
4(1397 1406 1595 1586)
4(1405 1594 1595 1406)
4(1398 1407 1596 1587)
4(1406 1595 1596 1407)
4(1399 1408 1597 1588)
4(1407 1596 1597 1408)
4(1400 1409 1598 1589)
4(1408 1597 1598 1409)
4(1401 1410 1599 1590)
4(1409 1598 1599 1410)
4(1402 1411 1600 1591)
4(1410 1599 1600 1411)
4(1411 1600 1601 1412)
4(1405 1414 1603 1594)
4(1413 1602 1603 1414)
4(1406 1415 1604 1595)
4(1414 1603 1604 1415)
4(1407 1416 1605 1596)
4(1415 1604 1605 1416)
4(1408 1417 1606 1597)
4(1416 1605 1606 1417)
4(1409 1418 1607 1598)
4(1417 1606 1607 1418)
4(1410 1419 1608 1599)
4(1418 1607 1608 1419)
4(1411 1420 1609 1600)
4(1419 1608 1609 1420)
4(1420 1609 1610 1421)
4(1414 1423 1612 1603)
4(1422 1611 1612 1423)
4(1415 1424 1613 1604)
4(1423 1612 1613 1424)
4(1416 1425 1614 1605)
4(1424 1613 1614 1425)
4(1417 1426 1615 1606)
4(1425 1614 1615 1426)
4(1418 1427 1616 1607)
4(1426 1615 1616 1427)
4(1419 1428 1617 1608)
4(1427 1616 1617 1428)
4(1420 1429 1618 1609)
4(1428 1617 1618 1429)
4(1429 1618 1619 1430)
4(1423 1432 1621 1612)
4(1431 1620 1621 1432)
4(1424 1433 1622 1613)
4(1432 1621 1622 1433)
4(1425 1434 1623 1614)
4(1433 1622 1623 1434)
4(1426 1435 1624 1615)
4(1434 1623 1624 1435)
4(1427 1436 1625 1616)
4(1435 1624 1625 1436)
4(1428 1437 1626 1617)
4(1436 1625 1626 1437)
4(1429 1438 1627 1618)
4(1437 1626 1627 1438)
4(1438 1627 1628 1439)
4(1432 1441 1630 1621)
4(1440 1629 1630 1441)
4(1433 1442 1631 1622)
4(1441 1630 1631 1442)
4(1434 1443 1632 1623)
4(1442 1631 1632 1443)
4(1435 1444 1633 1624)
4(1443 1632 1633 1444)
4(1436 1445 1634 1625)
4(1444 1633 1634 1445)
4(1437 1446 1635 1626)
4(1445 1634 1635 1446)
4(1438 1447 1636 1627)
4(1446 1635 1636 1447)
4(1447 1636 1637 1448)
4(1441 1450 1639 1630)
4(1449 1638 1639 1450)
4(1442 1451 1640 1631)
4(1450 1639 1640 1451)
4(1443 1452 1641 1632)
4(1451 1640 1641 1452)
4(1444 1453 1642 1633)
4(1452 1641 1642 1453)
4(1445 1454 1643 1634)
4(1453 1642 1643 1454)
4(1446 1455 1644 1635)
4(1454 1643 1644 1455)
4(1447 1456 1645 1636)
4(1455 1644 1645 1456)
4(1456 1645 1646 1457)
4(1450 1459 1648 1639)
4(1458 1647 1648 1459)
4(1451 1460 1649 1640)
4(1459 1648 1649 1460)
4(1452 1461 1650 1641)
4(1460 1649 1650 1461)
4(1453 1462 1651 1642)
4(1461 1650 1651 1462)
4(1454 1463 1652 1643)
4(1462 1651 1652 1463)
4(1455 1464 1653 1644)
4(1463 1652 1653 1464)
4(1456 1465 1654 1645)
4(1464 1653 1654 1465)
4(1465 1654 1655 1466)
4(1459 1468 1657 1648)
4(1467 1656 1657 1468)
4(1460 1469 1658 1649)
4(1468 1657 1658 1469)
4(1461 1470 1659 1650)
4(1469 1658 1659 1470)
4(1462 1471 1660 1651)
4(1470 1659 1660 1471)
4(1463 1472 1661 1652)
4(1471 1660 1661 1472)
4(1464 1473 1662 1653)
4(1472 1661 1662 1473)
4(1465 1474 1663 1654)
4(1473 1662 1663 1474)
4(1474 1663 1664 1475)
4(1468 1477 1666 1657)
4(1476 1665 1666 1477)
4(1469 1478 1667 1658)
4(1477 1666 1667 1478)
4(1470 1479 1668 1659)
4(1478 1667 1668 1479)
4(1471 1480 1669 1660)
4(1479 1668 1669 1480)
4(1472 1481 1670 1661)
4(1480 1669 1670 1481)
4(1473 1482 1671 1662)
4(1481 1670 1671 1482)
4(1474 1483 1672 1663)
4(1482 1671 1672 1483)
4(1483 1672 1673 1484)
4(1477 1486 1675 1666)
4(1485 1674 1675 1486)
4(1478 1487 1676 1667)
4(1486 1675 1676 1487)
4(1479 1488 1677 1668)
4(1487 1676 1677 1488)
4(1480 1489 1678 1669)
4(1488 1677 1678 1489)
4(1481 1490 1679 1670)
4(1489 1678 1679 1490)
4(1482 1491 1680 1671)
4(1490 1679 1680 1491)
4(1483 1492 1681 1672)
4(1491 1680 1681 1492)
4(1492 1681 1682 1493)
4(1486 1495 1684 1675)
4(1494 1683 1684 1495)
4(1487 1496 1685 1676)
4(1495 1684 1685 1496)
4(1488 1497 1686 1677)
4(1496 1685 1686 1497)
4(1489 1498 1687 1678)
4(1497 1686 1687 1498)
4(1490 1499 1688 1679)
4(1498 1687 1688 1499)
4(1491 1500 1689 1680)
4(1499 1688 1689 1500)
4(1492 1501 1690 1681)
4(1500 1689 1690 1501)
4(1501 1690 1691 1502)
4(1495 1504 1693 1684)
4(1496 1505 1694 1685)
4(1497 1506 1695 1686)
4(1498 1507 1696 1687)
4(1499 1508 1697 1688)
4(1500 1509 1698 1689)
4(1501 1510 1699 1690)
4(0 1 190 189)
4(189 190 379 378)
4(378 379 568 567)
4(567 568 757 756)
4(756 757 946 945)
4(945 946 1135 1134)
4(1134 1135 1324 1323)
4(1323 1324 1513 1512)
4(1 2 191 190)
4(190 191 380 379)
4(379 380 569 568)
4(568 569 758 757)
4(757 758 947 946)
4(946 947 1136 1135)
4(1135 1136 1325 1324)
4(1324 1325 1514 1513)
4(2 3 192 191)
4(191 192 381 380)
4(380 381 570 569)
4(569 570 759 758)
4(758 759 948 947)
4(947 948 1137 1136)
4(1136 1137 1326 1325)
4(1325 1326 1515 1514)
4(3 4 193 192)
4(192 193 382 381)
4(381 382 571 570)
4(570 571 760 759)
4(759 760 949 948)
4(948 949 1138 1137)
4(1137 1138 1327 1326)
4(1326 1327 1516 1515)
4(4 5 194 193)
4(193 194 383 382)
4(382 383 572 571)
4(571 572 761 760)
4(760 761 950 949)
4(949 950 1139 1138)
4(1138 1139 1328 1327)
4(1327 1328 1517 1516)
4(5 6 195 194)
4(194 195 384 383)
4(383 384 573 572)
4(572 573 762 761)
4(761 762 951 950)
4(950 951 1140 1139)
4(1139 1140 1329 1328)
4(1328 1329 1518 1517)
4(6 7 196 195)
4(195 196 385 384)
4(384 385 574 573)
4(573 574 763 762)
4(762 763 952 951)
4(951 952 1141 1140)
4(1140 1141 1330 1329)
4(1329 1330 1519 1518)
4(7 8 197 196)
4(196 197 386 385)
4(385 386 575 574)
4(574 575 764 763)
4(763 764 953 952)
4(952 953 1142 1141)
4(1141 1142 1331 1330)
4(1330 1331 1520 1519)
4(1512 1513 1522 1521)
4(1521 1522 1531 1530)
4(1530 1531 1540 1539)
4(1539 1540 1549 1548)
4(1548 1549 1558 1557)
4(1557 1558 1567 1566)
4(1566 1567 1576 1575)
4(1575 1576 1585 1584)
4(1584 1585 1594 1593)
4(1593 1594 1603 1602)
4(1602 1603 1612 1611)
4(1611 1612 1621 1620)
4(1620 1621 1630 1629)
4(1629 1630 1639 1638)
4(1638 1639 1648 1647)
4(1647 1648 1657 1656)
4(1656 1657 1666 1665)
4(1665 1666 1675 1674)
4(1674 1675 1684 1683)
4(1683 1684 1693 1692)
4(1513 1514 1523 1522)
4(1522 1523 1532 1531)
4(1531 1532 1541 1540)
4(1540 1541 1550 1549)
4(1549 1550 1559 1558)
4(1558 1559 1568 1567)
4(1567 1568 1577 1576)
4(1576 1577 1586 1585)
4(1585 1586 1595 1594)
4(1594 1595 1604 1603)
4(1603 1604 1613 1612)
4(1612 1613 1622 1621)
4(1621 1622 1631 1630)
4(1630 1631 1640 1639)
4(1639 1640 1649 1648)
4(1648 1649 1658 1657)
4(1657 1658 1667 1666)
4(1666 1667 1676 1675)
4(1675 1676 1685 1684)
4(1684 1685 1694 1693)
4(1514 1515 1524 1523)
4(1523 1524 1533 1532)
4(1532 1533 1542 1541)
4(1541 1542 1551 1550)
4(1550 1551 1560 1559)
4(1559 1560 1569 1568)
4(1568 1569 1578 1577)
4(1577 1578 1587 1586)
4(1586 1587 1596 1595)
4(1595 1596 1605 1604)
4(1604 1605 1614 1613)
4(1613 1614 1623 1622)
4(1622 1623 1632 1631)
4(1631 1632 1641 1640)
4(1640 1641 1650 1649)
4(1649 1650 1659 1658)
4(1658 1659 1668 1667)
4(1667 1668 1677 1676)
4(1676 1677 1686 1685)
4(1685 1686 1695 1694)
4(1515 1516 1525 1524)
4(1524 1525 1534 1533)
4(1533 1534 1543 1542)
4(1542 1543 1552 1551)
4(1551 1552 1561 1560)
4(1560 1561 1570 1569)
4(1569 1570 1579 1578)
4(1578 1579 1588 1587)
4(1587 1588 1597 1596)
4(1596 1597 1606 1605)
4(1605 1606 1615 1614)
4(1614 1615 1624 1623)
4(1623 1624 1633 1632)
4(1632 1633 1642 1641)
4(1641 1642 1651 1650)
4(1650 1651 1660 1659)
4(1659 1660 1669 1668)
4(1668 1669 1678 1677)
4(1677 1678 1687 1686)
4(1686 1687 1696 1695)
4(1516 1517 1526 1525)
4(1525 1526 1535 1534)
4(1534 1535 1544 1543)
4(1543 1544 1553 1552)
4(1552 1553 1562 1561)
4(1561 1562 1571 1570)
4(1570 1571 1580 1579)
4(1579 1580 1589 1588)
4(1588 1589 1598 1597)
4(1597 1598 1607 1606)
4(1606 1607 1616 1615)
4(1615 1616 1625 1624)
4(1624 1625 1634 1633)
4(1633 1634 1643 1642)
4(1642 1643 1652 1651)
4(1651 1652 1661 1660)
4(1660 1661 1670 1669)
4(1669 1670 1679 1678)
4(1678 1679 1688 1687)
4(1687 1688 1697 1696)
4(1517 1518 1527 1526)
4(1526 1527 1536 1535)
4(1535 1536 1545 1544)
4(1544 1545 1554 1553)
4(1553 1554 1563 1562)
4(1562 1563 1572 1571)
4(1571 1572 1581 1580)
4(1580 1581 1590 1589)
4(1589 1590 1599 1598)
4(1598 1599 1608 1607)
4(1607 1608 1617 1616)
4(1616 1617 1626 1625)
4(1625 1626 1635 1634)
4(1634 1635 1644 1643)
4(1643 1644 1653 1652)
4(1652 1653 1662 1661)
4(1661 1662 1671 1670)
4(1670 1671 1680 1679)
4(1679 1680 1689 1688)
4(1688 1689 1698 1697)
4(1518 1519 1528 1527)
4(1527 1528 1537 1536)
4(1536 1537 1546 1545)
4(1545 1546 1555 1554)
4(1554 1555 1564 1563)
4(1563 1564 1573 1572)
4(1572 1573 1582 1581)
4(1581 1582 1591 1590)
4(1590 1591 1600 1599)
4(1599 1600 1609 1608)
4(1608 1609 1618 1617)
4(1617 1618 1627 1626)
4(1626 1627 1636 1635)
4(1635 1636 1645 1644)
4(1644 1645 1654 1653)
4(1653 1654 1663 1662)
4(1662 1663 1672 1671)
4(1671 1672 1681 1680)
4(1680 1681 1690 1689)
4(1689 1690 1699 1698)
4(1519 1520 1529 1528)
4(1528 1529 1538 1537)
4(1537 1538 1547 1546)
4(1546 1547 1556 1555)
4(1555 1556 1565 1564)
4(1564 1565 1574 1573)
4(1573 1574 1583 1582)
4(1582 1583 1592 1591)
4(1591 1592 1601 1600)
4(1600 1601 1610 1609)
4(1609 1610 1619 1618)
4(1618 1619 1628 1627)
4(1627 1628 1637 1636)
4(1636 1637 1646 1645)
4(1645 1646 1655 1654)
4(1654 1655 1664 1663)
4(1663 1664 1673 1672)
4(1672 1673 1682 1681)
4(1681 1682 1691 1690)
4(1690 1691 1700 1699)
4(180 369 370 181)
4(369 558 559 370)
4(558 747 748 559)
4(747 936 937 748)
4(936 1125 1126 937)
4(1125 1314 1315 1126)
4(1314 1503 1504 1315)
4(1503 1692 1693 1504)
4(181 370 371 182)
4(370 559 560 371)
4(559 748 749 560)
4(748 937 938 749)
4(937 1126 1127 938)
4(1126 1315 1316 1127)
4(1315 1504 1505 1316)
4(1504 1693 1694 1505)
4(182 371 372 183)
4(371 560 561 372)
4(560 749 750 561)
4(749 938 939 750)
4(938 1127 1128 939)
4(1127 1316 1317 1128)
4(1316 1505 1506 1317)
4(1505 1694 1695 1506)
4(183 372 373 184)
4(372 561 562 373)
4(561 750 751 562)
4(750 939 940 751)
4(939 1128 1129 940)
4(1128 1317 1318 1129)
4(1317 1506 1507 1318)
4(1506 1695 1696 1507)
4(184 373 374 185)
4(373 562 563 374)
4(562 751 752 563)
4(751 940 941 752)
4(940 1129 1130 941)
4(1129 1318 1319 1130)
4(1318 1507 1508 1319)
4(1507 1696 1697 1508)
4(185 374 375 186)
4(374 563 564 375)
4(563 752 753 564)
4(752 941 942 753)
4(941 1130 1131 942)
4(1130 1319 1320 1131)
4(1319 1508 1509 1320)
4(1508 1697 1698 1509)
4(186 375 376 187)
4(375 564 565 376)
4(564 753 754 565)
4(753 942 943 754)
4(942 1131 1132 943)
4(1131 1320 1321 1132)
4(1320 1509 1510 1321)
4(1509 1698 1699 1510)
4(187 376 377 188)
4(376 565 566 377)
4(565 754 755 566)
4(754 943 944 755)
4(943 1132 1133 944)
4(1132 1321 1322 1133)
4(1321 1510 1511 1322)
4(1510 1699 1700 1511)
4(0 9 10 1)
4(9 18 19 10)
4(18 27 28 19)
4(27 36 37 28)
4(36 45 46 37)
4(45 54 55 46)
4(54 63 64 55)
4(63 72 73 64)
4(72 81 82 73)
4(81 90 91 82)
4(90 99 100 91)
4(99 108 109 100)
4(108 117 118 109)
4(117 126 127 118)
4(126 135 136 127)
4(135 144 145 136)
4(144 153 154 145)
4(153 162 163 154)
4(162 171 172 163)
4(171 180 181 172)
4(1 10 11 2)
4(10 19 20 11)
4(19 28 29 20)
4(28 37 38 29)
4(37 46 47 38)
4(46 55 56 47)
4(55 64 65 56)
4(64 73 74 65)
4(73 82 83 74)
4(82 91 92 83)
4(91 100 101 92)
4(100 109 110 101)
4(109 118 119 110)
4(118 127 128 119)
4(127 136 137 128)
4(136 145 146 137)
4(145 154 155 146)
4(154 163 164 155)
4(163 172 173 164)
4(172 181 182 173)
4(2 11 12 3)
4(11 20 21 12)
4(20 29 30 21)
4(29 38 39 30)
4(38 47 48 39)
4(47 56 57 48)
4(56 65 66 57)
4(65 74 75 66)
4(74 83 84 75)
4(83 92 93 84)
4(92 101 102 93)
4(101 110 111 102)
4(110 119 120 111)
4(119 128 129 120)
4(128 137 138 129)
4(137 146 147 138)
4(146 155 156 147)
4(155 164 165 156)
4(164 173 174 165)
4(173 182 183 174)
4(3 12 13 4)
4(12 21 22 13)
4(21 30 31 22)
4(30 39 40 31)
4(39 48 49 40)
4(48 57 58 49)
4(57 66 67 58)
4(66 75 76 67)
4(75 84 85 76)
4(84 93 94 85)
4(93 102 103 94)
4(102 111 112 103)
4(111 120 121 112)
4(120 129 130 121)
4(129 138 139 130)
4(138 147 148 139)
4(147 156 157 148)
4(156 165 166 157)
4(165 174 175 166)
4(174 183 184 175)
4(4 13 14 5)
4(13 22 23 14)
4(22 31 32 23)
4(31 40 41 32)
4(40 49 50 41)
4(49 58 59 50)
4(58 67 68 59)
4(67 76 77 68)
4(76 85 86 77)
4(85 94 95 86)
4(94 103 104 95)
4(103 112 113 104)
4(112 121 122 113)
4(121 130 131 122)
4(130 139 140 131)
4(139 148 149 140)
4(148 157 158 149)
4(157 166 167 158)
4(166 175 176 167)
4(175 184 185 176)
4(5 14 15 6)
4(14 23 24 15)
4(23 32 33 24)
4(32 41 42 33)
4(41 50 51 42)
4(50 59 60 51)
4(59 68 69 60)
4(68 77 78 69)
4(77 86 87 78)
4(86 95 96 87)
4(95 104 105 96)
4(104 113 114 105)
4(113 122 123 114)
4(122 131 132 123)
4(131 140 141 132)
4(140 149 150 141)
4(149 158 159 150)
4(158 167 168 159)
4(167 176 177 168)
4(176 185 186 177)
4(6 15 16 7)
4(15 24 25 16)
4(24 33 34 25)
4(33 42 43 34)
4(42 51 52 43)
4(51 60 61 52)
4(60 69 70 61)
4(69 78 79 70)
4(78 87 88 79)
4(87 96 97 88)
4(96 105 106 97)
4(105 114 115 106)
4(114 123 124 115)
4(123 132 133 124)
4(132 141 142 133)
4(141 150 151 142)
4(150 159 160 151)
4(159 168 169 160)
4(168 177 178 169)
4(177 186 187 178)
4(7 16 17 8)
4(16 25 26 17)
4(25 34 35 26)
4(34 43 44 35)
4(43 52 53 44)
4(52 61 62 53)
4(61 70 71 62)
4(70 79 80 71)
4(79 88 89 80)
4(88 97 98 89)
4(97 106 107 98)
4(106 115 116 107)
4(115 124 125 116)
4(124 133 134 125)
4(133 142 143 134)
4(142 151 152 143)
4(151 160 161 152)
4(160 169 170 161)
4(169 178 179 170)
4(178 187 188 179)
4(0 189 198 9)
4(9 198 207 18)
4(18 207 216 27)
4(27 216 225 36)
4(36 225 234 45)
4(45 234 243 54)
4(54 243 252 63)
4(63 252 261 72)
4(72 261 270 81)
4(81 270 279 90)
4(90 279 288 99)
4(99 288 297 108)
4(108 297 306 117)
4(117 306 315 126)
4(126 315 324 135)
4(135 324 333 144)
4(144 333 342 153)
4(153 342 351 162)
4(162 351 360 171)
4(171 360 369 180)
4(189 378 387 198)
4(198 387 396 207)
4(207 396 405 216)
4(216 405 414 225)
4(225 414 423 234)
4(234 423 432 243)
4(243 432 441 252)
4(252 441 450 261)
4(261 450 459 270)
4(270 459 468 279)
4(279 468 477 288)
4(288 477 486 297)
4(297 486 495 306)
4(306 495 504 315)
4(315 504 513 324)
4(324 513 522 333)
4(333 522 531 342)
4(342 531 540 351)
4(351 540 549 360)
4(360 549 558 369)
4(378 567 576 387)
4(387 576 585 396)
4(396 585 594 405)
4(405 594 603 414)
4(414 603 612 423)
4(423 612 621 432)
4(432 621 630 441)
4(441 630 639 450)
4(450 639 648 459)
4(459 648 657 468)
4(468 657 666 477)
4(477 666 675 486)
4(486 675 684 495)
4(495 684 693 504)
4(504 693 702 513)
4(513 702 711 522)
4(522 711 720 531)
4(531 720 729 540)
4(540 729 738 549)
4(549 738 747 558)
4(567 756 765 576)
4(576 765 774 585)
4(585 774 783 594)
4(594 783 792 603)
4(603 792 801 612)
4(612 801 810 621)
4(621 810 819 630)
4(630 819 828 639)
4(639 828 837 648)
4(648 837 846 657)
4(657 846 855 666)
4(666 855 864 675)
4(675 864 873 684)
4(684 873 882 693)
4(693 882 891 702)
4(702 891 900 711)
4(711 900 909 720)
4(720 909 918 729)
4(729 918 927 738)
4(738 927 936 747)
4(756 945 954 765)
4(765 954 963 774)
4(774 963 972 783)
4(783 972 981 792)
4(792 981 990 801)
4(801 990 999 810)
4(810 999 1008 819)
4(819 1008 1017 828)
4(828 1017 1026 837)
4(837 1026 1035 846)
4(846 1035 1044 855)
4(855 1044 1053 864)
4(864 1053 1062 873)
4(873 1062 1071 882)
4(882 1071 1080 891)
4(891 1080 1089 900)
4(900 1089 1098 909)
4(909 1098 1107 918)
4(918 1107 1116 927)
4(927 1116 1125 936)
4(945 1134 1143 954)
4(954 1143 1152 963)
4(963 1152 1161 972)
4(972 1161 1170 981)
4(981 1170 1179 990)
4(990 1179 1188 999)
4(999 1188 1197 1008)
4(1008 1197 1206 1017)
4(1017 1206 1215 1026)
4(1026 1215 1224 1035)
4(1035 1224 1233 1044)
4(1044 1233 1242 1053)
4(1053 1242 1251 1062)
4(1062 1251 1260 1071)
4(1071 1260 1269 1080)
4(1080 1269 1278 1089)
4(1089 1278 1287 1098)
4(1098 1287 1296 1107)
4(1107 1296 1305 1116)
4(1116 1305 1314 1125)
4(1134 1323 1332 1143)
4(1143 1332 1341 1152)
4(1152 1341 1350 1161)
4(1161 1350 1359 1170)
4(1170 1359 1368 1179)
4(1179 1368 1377 1188)
4(1188 1377 1386 1197)
4(1197 1386 1395 1206)
4(1206 1395 1404 1215)
4(1215 1404 1413 1224)
4(1224 1413 1422 1233)
4(1233 1422 1431 1242)
4(1242 1431 1440 1251)
4(1251 1440 1449 1260)
4(1260 1449 1458 1269)
4(1269 1458 1467 1278)
4(1278 1467 1476 1287)
4(1287 1476 1485 1296)
4(1296 1485 1494 1305)
4(1305 1494 1503 1314)
4(1323 1512 1521 1332)
4(1332 1521 1530 1341)
4(1341 1530 1539 1350)
4(1350 1539 1548 1359)
4(1359 1548 1557 1368)
4(1368 1557 1566 1377)
4(1377 1566 1575 1386)
4(1386 1575 1584 1395)
4(1395 1584 1593 1404)
4(1404 1593 1602 1413)
4(1413 1602 1611 1422)
4(1422 1611 1620 1431)
4(1431 1620 1629 1440)
4(1440 1629 1638 1449)
4(1449 1638 1647 1458)
4(1458 1647 1656 1467)
4(1467 1656 1665 1476)
4(1476 1665 1674 1485)
4(1485 1674 1683 1494)
4(1494 1683 1692 1503)
4(8 17 206 197)
4(17 26 215 206)
4(26 35 224 215)
4(35 44 233 224)
4(44 53 242 233)
4(53 62 251 242)
4(62 71 260 251)
4(71 80 269 260)
4(80 89 278 269)
4(89 98 287 278)
4(98 107 296 287)
4(107 116 305 296)
4(116 125 314 305)
4(125 134 323 314)
4(134 143 332 323)
4(143 152 341 332)
4(152 161 350 341)
4(161 170 359 350)
4(170 179 368 359)
4(179 188 377 368)
4(197 206 395 386)
4(206 215 404 395)
4(215 224 413 404)
4(224 233 422 413)
4(233 242 431 422)
4(242 251 440 431)
4(251 260 449 440)
4(260 269 458 449)
4(269 278 467 458)
4(278 287 476 467)
4(287 296 485 476)
4(296 305 494 485)
4(305 314 503 494)
4(314 323 512 503)
4(323 332 521 512)
4(332 341 530 521)
4(341 350 539 530)
4(350 359 548 539)
4(359 368 557 548)
4(368 377 566 557)
4(386 395 584 575)
4(395 404 593 584)
4(404 413 602 593)
4(413 422 611 602)
4(422 431 620 611)
4(431 440 629 620)
4(440 449 638 629)
4(449 458 647 638)
4(458 467 656 647)
4(467 476 665 656)
4(476 485 674 665)
4(485 494 683 674)
4(494 503 692 683)
4(503 512 701 692)
4(512 521 710 701)
4(521 530 719 710)
4(530 539 728 719)
4(539 548 737 728)
4(548 557 746 737)
4(557 566 755 746)
4(575 584 773 764)
4(584 593 782 773)
4(593 602 791 782)
4(602 611 800 791)
4(611 620 809 800)
4(620 629 818 809)
4(629 638 827 818)
4(638 647 836 827)
4(647 656 845 836)
4(656 665 854 845)
4(665 674 863 854)
4(674 683 872 863)
4(683 692 881 872)
4(692 701 890 881)
4(701 710 899 890)
4(710 719 908 899)
4(719 728 917 908)
4(728 737 926 917)
4(737 746 935 926)
4(746 755 944 935)
4(764 773 962 953)
4(773 782 971 962)
4(782 791 980 971)
4(791 800 989 980)
4(800 809 998 989)
4(809 818 1007 998)
4(818 827 1016 1007)
4(827 836 1025 1016)
4(836 845 1034 1025)
4(845 854 1043 1034)
4(854 863 1052 1043)
4(863 872 1061 1052)
4(872 881 1070 1061)
4(881 890 1079 1070)
4(890 899 1088 1079)
4(899 908 1097 1088)
4(908 917 1106 1097)
4(917 926 1115 1106)
4(926 935 1124 1115)
4(935 944 1133 1124)
4(953 962 1151 1142)
4(962 971 1160 1151)
4(971 980 1169 1160)
4(980 989 1178 1169)
4(989 998 1187 1178)
4(998 1007 1196 1187)
4(1007 1016 1205 1196)
4(1016 1025 1214 1205)
4(1025 1034 1223 1214)
4(1034 1043 1232 1223)
4(1043 1052 1241 1232)
4(1052 1061 1250 1241)
4(1061 1070 1259 1250)
4(1070 1079 1268 1259)
4(1079 1088 1277 1268)
4(1088 1097 1286 1277)
4(1097 1106 1295 1286)
4(1106 1115 1304 1295)
4(1115 1124 1313 1304)
4(1124 1133 1322 1313)
4(1142 1151 1340 1331)
4(1151 1160 1349 1340)
4(1160 1169 1358 1349)
4(1169 1178 1367 1358)
4(1178 1187 1376 1367)
4(1187 1196 1385 1376)
4(1196 1205 1394 1385)
4(1205 1214 1403 1394)
4(1214 1223 1412 1403)
4(1223 1232 1421 1412)
4(1232 1241 1430 1421)
4(1241 1250 1439 1430)
4(1250 1259 1448 1439)
4(1259 1268 1457 1448)
4(1268 1277 1466 1457)
4(1277 1286 1475 1466)
4(1286 1295 1484 1475)
4(1295 1304 1493 1484)
4(1304 1313 1502 1493)
4(1313 1322 1511 1502)
4(1331 1340 1529 1520)
4(1340 1349 1538 1529)
4(1349 1358 1547 1538)
4(1358 1367 1556 1547)
4(1367 1376 1565 1556)
4(1376 1385 1574 1565)
4(1385 1394 1583 1574)
4(1394 1403 1592 1583)
4(1403 1412 1601 1592)
4(1412 1421 1610 1601)
4(1421 1430 1619 1610)
4(1430 1439 1628 1619)
4(1439 1448 1637 1628)
4(1448 1457 1646 1637)
4(1457 1466 1655 1646)
4(1466 1475 1664 1655)
4(1475 1484 1673 1664)
4(1484 1493 1682 1673)
4(1493 1502 1691 1682)
4(1502 1511 1700 1691)
)


// ************************************************************************* //
