/*--------------------------------*- C++ -*----------------------------------*\
| =========                 |                                                 |
| \\      /  F ield         | OpenFOAM: The Open Source CFD Toolbox           |
|  \\    /   O peration     | Version:  2206                                  |
|   \\  /    A nd           | Website:  www.openfoam.com                      |
|    \\/     M anipulation  |                                                 |
\*---------------------------------------------------------------------------*/
FoamFile
{
    version     2.0;
    format      ascii;
    arch        "LSB;label=32;scalar=64";
    class       vectorField;
    location    "constant/polyMesh";
    object      points;
}
// * * * * * * * * * * * * * * * * * * * * * * * * * * * * * * * * * * * * * //


1701
(
(-10 -20 -20)
(-2.5 -20 -20)
(5 -20 -20)
(12.5 -20 -20)
(20 -20 -20)
(27.5 -20 -20)
(35 -20 -20)
(42.5 -20 -20)
(50 -20 -20)
(-10 -18 -20)
(-2.5 -18 -20)
(5 -18 -20)
(12.5 -18 -20)
(20 -18 -20)
(27.5 -18 -20)
(35 -18 -20)
(42.5 -18 -20)
(50 -18 -20)
(-10 -16 -20)
(-2.5 -16 -20)
(5 -16 -20)
(12.5 -16 -20)
(20 -16 -20)
(27.5 -16 -20)
(35 -16 -20)
(42.5 -16 -20)
(50 -16 -20)
(-10 -14 -20)
(-2.5 -14 -20)
(5 -14 -20)
(12.5 -14 -20)
(20 -14 -20)
(27.5 -14 -20)
(35 -14 -20)
(42.5 -14 -20)
(50 -14 -20)
(-10 -12 -20)
(-2.5 -12 -20)
(5 -12 -20)
(12.5 -12 -20)
(20 -12 -20)
(27.5 -12 -20)
(35 -12 -20)
(42.5 -12 -20)
(50 -12 -20)
(-10 -10 -20)
(-2.5 -10 -20)
(5 -10 -20)
(12.5 -10 -20)
(20 -10 -20)
(27.5 -10 -20)
(35 -10 -20)
(42.5 -10 -20)
(50 -10 -20)
(-10 -8 -20)
(-2.5 -8 -20)
(5 -8 -20)
(12.5 -8 -20)
(20 -8 -20)
(27.5 -8 -20)
(35 -8 -20)
(42.5 -8 -20)
(50 -8 -20)
(-10 -6 -20)
(-2.5 -6 -20)
(5 -6 -20)
(12.5 -6 -20)
(20 -6 -20)
(27.5 -6 -20)
(35 -6 -20)
(42.5 -6 -20)
(50 -6 -20)
(-10 -4 -20)
(-2.5 -4 -20)
(5 -4 -20)
(12.5 -4 -20)
(20 -4 -20)
(27.5 -4 -20)
(35 -4 -20)
(42.5 -4 -20)
(50 -4 -20)
(-10 -2 -20)
(-2.5 -2 -20)
(5 -2 -20)
(12.5 -2 -20)
(20 -2 -20)
(27.5 -2 -20)
(35 -2 -20)
(42.5 -2 -20)
(50 -2 -20)
(-10 0 -20)
(-2.5 0 -20)
(5 0 -20)
(12.5 0 -20)
(20 0 -20)
(27.5 0 -20)
(35 0 -20)
(42.5 0 -20)
(50 0 -20)
(-10 2 -20)
(-2.5 2 -20)
(5 2 -20)
(12.5 2 -20)
(20 2 -20)
(27.5 2 -20)
(35 2 -20)
(42.5 2 -20)
(50 2 -20)
(-10 4 -20)
(-2.5 4 -20)
(5 4 -20)
(12.5 4 -20)
(20 4 -20)
(27.5 4 -20)
(35 4 -20)
(42.5 4 -20)
(50 4 -20)
(-10 6 -20)
(-2.5 6 -20)
(5 6 -20)
(12.5 6 -20)
(20 6 -20)
(27.5 6 -20)
(35 6 -20)
(42.5 6 -20)
(50 6 -20)
(-10 8 -20)
(-2.5 8 -20)
(5 8 -20)
(12.5 8 -20)
(20 8 -20)
(27.5 8 -20)
(35 8 -20)
(42.5 8 -20)
(50 8 -20)
(-10 10 -20)
(-2.5 10 -20)
(5 10 -20)
(12.5 10 -20)
(20 10 -20)
(27.5 10 -20)
(35 10 -20)
(42.5 10 -20)
(50 10 -20)
(-10 12 -20)
(-2.5 12 -20)
(5 12 -20)
(12.5 12 -20)
(20 12 -20)
(27.5 12 -20)
(35 12 -20)
(42.5 12 -20)
(50 12 -20)
(-10 14 -20)
(-2.5 14 -20)
(5 14 -20)
(12.5 14 -20)
(20 14 -20)
(27.5 14 -20)
(35 14 -20)
(42.5 14 -20)
(50 14 -20)
(-10 16 -20)
(-2.5 16 -20)
(5 16 -20)
(12.5 16 -20)
(20 16 -20)
(27.5 16 -20)
(35 16 -20)
(42.5 16 -20)
(50 16 -20)
(-10 18 -20)
(-2.5 18 -20)
(5 18 -20)
(12.5 18 -20)
(20 18 -20)
(27.5 18 -20)
(35 18 -20)
(42.5 18 -20)
(50 18 -20)
(-10 20 -20)
(-2.5 20 -20)
(5 20 -20)
(12.5 20 -20)
(20 20 -20)
(27.5 20 -20)
(35 20 -20)
(42.5 20 -20)
(50 20 -20)
(-10 -20 -15)
(-2.5 -20 -15)
(5 -20 -15)
(12.5 -20 -15)
(20 -20 -15)
(27.5 -20 -15)
(35 -20 -15)
(42.5 -20 -15)
(50 -20 -15)
(-10 -18 -15)
(-2.5 -18 -15)
(5 -18 -15)
(12.5 -18 -15)
(20 -18 -15)
(27.5 -18 -15)
(35 -18 -15)
(42.5 -18 -15)
(50 -18 -15)
(-10 -16 -15)
(-2.5 -16 -15)
(5 -16 -15)
(12.5 -16 -15)
(20 -16 -15)
(27.5 -16 -15)
(35 -16 -15)
(42.5 -16 -15)
(50 -16 -15)
(-10 -14 -15)
(-2.5 -14 -15)
(5 -14 -15)
(12.5 -14 -15)
(20 -14 -15)
(27.5 -14 -15)
(35 -14 -15)
(42.5 -14 -15)
(50 -14 -15)
(-10 -12 -15)
(-2.5 -12 -15)
(5 -12 -15)
(12.5 -12 -15)
(20 -12 -15)
(27.5 -12 -15)
(35 -12 -15)
(42.5 -12 -15)
(50 -12 -15)
(-10 -10 -15)
(-2.5 -10 -15)
(5 -10 -15)
(12.5 -10 -15)
(20 -10 -15)
(27.5 -10 -15)
(35 -10 -15)
(42.5 -10 -15)
(50 -10 -15)
(-10 -8 -15)
(-2.5 -8 -15)
(5 -8 -15)
(12.5 -8 -15)
(20 -8 -15)
(27.5 -8 -15)
(35 -8 -15)
(42.5 -8 -15)
(50 -8 -15)
(-10 -6 -15)
(-2.5 -6 -15)
(5 -6 -15)
(12.5 -6 -15)
(20 -6 -15)
(27.5 -6 -15)
(35 -6 -15)
(42.5 -6 -15)
(50 -6 -15)
(-10 -4 -15)
(-2.5 -4 -15)
(5 -4 -15)
(12.5 -4 -15)
(20 -4 -15)
(27.5 -4 -15)
(35 -4 -15)
(42.5 -4 -15)
(50 -4 -15)
(-10 -2 -15)
(-2.5 -2 -15)
(5 -2 -15)
(12.5 -2 -15)
(20 -2 -15)
(27.5 -2 -15)
(35 -2 -15)
(42.5 -2 -15)
(50 -2 -15)
(-10 0 -15)
(-2.5 0 -15)
(5 0 -15)
(12.5 0 -15)
(20 0 -15)
(27.5 0 -15)
(35 0 -15)
(42.5 0 -15)
(50 0 -15)
(-10 2 -15)
(-2.5 2 -15)
(5 2 -15)
(12.5 2 -15)
(20 2 -15)
(27.5 2 -15)
(35 2 -15)
(42.5 2 -15)
(50 2 -15)
(-10 4 -15)
(-2.5 4 -15)
(5 4 -15)
(12.5 4 -15)
(20 4 -15)
(27.5 4 -15)
(35 4 -15)
(42.5 4 -15)
(50 4 -15)
(-10 6 -15)
(-2.5 6 -15)
(5 6 -15)
(12.5 6 -15)
(20 6 -15)
(27.5 6 -15)
(35 6 -15)
(42.5 6 -15)
(50 6 -15)
(-10 8 -15)
(-2.5 8 -15)
(5 8 -15)
(12.5 8 -15)
(20 8 -15)
(27.5 8 -15)
(35 8 -15)
(42.5 8 -15)
(50 8 -15)
(-10 10 -15)
(-2.5 10 -15)
(5 10 -15)
(12.5 10 -15)
(20 10 -15)
(27.5 10 -15)
(35 10 -15)
(42.5 10 -15)
(50 10 -15)
(-10 12 -15)
(-2.5 12 -15)
(5 12 -15)
(12.5 12 -15)
(20 12 -15)
(27.5 12 -15)
(35 12 -15)
(42.5 12 -15)
(50 12 -15)
(-10 14 -15)
(-2.5 14 -15)
(5 14 -15)
(12.5 14 -15)
(20 14 -15)
(27.5 14 -15)
(35 14 -15)
(42.5 14 -15)
(50 14 -15)
(-10 16 -15)
(-2.5 16 -15)
(5 16 -15)
(12.5 16 -15)
(20 16 -15)
(27.5 16 -15)
(35 16 -15)
(42.5 16 -15)
(50 16 -15)
(-10 18 -15)
(-2.5 18 -15)
(5 18 -15)
(12.5 18 -15)
(20 18 -15)
(27.5 18 -15)
(35 18 -15)
(42.5 18 -15)
(50 18 -15)
(-10 20 -15)
(-2.5 20 -15)
(5 20 -15)
(12.5 20 -15)
(20 20 -15)
(27.5 20 -15)
(35 20 -15)
(42.5 20 -15)
(50 20 -15)
(-10 -20 -10)
(-2.5 -20 -10)
(5 -20 -10)
(12.5 -20 -10)
(20 -20 -10)
(27.5 -20 -10)
(35 -20 -10)
(42.5 -20 -10)
(50 -20 -10)
(-10 -18 -10)
(-2.5 -18 -10)
(5 -18 -10)
(12.5 -18 -10)
(20 -18 -10)
(27.5 -18 -10)
(35 -18 -10)
(42.5 -18 -10)
(50 -18 -10)
(-10 -16 -10)
(-2.5 -16 -10)
(5 -16 -10)
(12.5 -16 -10)
(20 -16 -10)
(27.5 -16 -10)
(35 -16 -10)
(42.5 -16 -10)
(50 -16 -10)
(-10 -14 -10)
(-2.5 -14 -10)
(5 -14 -10)
(12.5 -14 -10)
(20 -14 -10)
(27.5 -14 -10)
(35 -14 -10)
(42.5 -14 -10)
(50 -14 -10)
(-10 -12 -10)
(-2.5 -12 -10)
(5 -12 -10)
(12.5 -12 -10)
(20 -12 -10)
(27.5 -12 -10)
(35 -12 -10)
(42.5 -12 -10)
(50 -12 -10)
(-10 -10 -10)
(-2.5 -10 -10)
(5 -10 -10)
(12.5 -10 -10)
(20 -10 -10)
(27.5 -10 -10)
(35 -10 -10)
(42.5 -10 -10)
(50 -10 -10)
(-10 -8 -10)
(-2.5 -8 -10)
(5 -8 -10)
(12.5 -8 -10)
(20 -8 -10)
(27.5 -8 -10)
(35 -8 -10)
(42.5 -8 -10)
(50 -8 -10)
(-10 -6 -10)
(-2.5 -6 -10)
(5 -6 -10)
(12.5 -6 -10)
(20 -6 -10)
(27.5 -6 -10)
(35 -6 -10)
(42.5 -6 -10)
(50 -6 -10)
(-10 -4 -10)
(-2.5 -4 -10)
(5 -4 -10)
(12.5 -4 -10)
(20 -4 -10)
(27.5 -4 -10)
(35 -4 -10)
(42.5 -4 -10)
(50 -4 -10)
(-10 -2 -10)
(-2.5 -2 -10)
(5 -2 -10)
(12.5 -2 -10)
(20 -2 -10)
(27.5 -2 -10)
(35 -2 -10)
(42.5 -2 -10)
(50 -2 -10)
(-10 0 -10)
(-2.5 0 -10)
(5 0 -10)
(12.5 0 -10)
(20 0 -10)
(27.5 0 -10)
(35 0 -10)
(42.5 0 -10)
(50 0 -10)
(-10 2 -10)
(-2.5 2 -10)
(5 2 -10)
(12.5 2 -10)
(20 2 -10)
(27.5 2 -10)
(35 2 -10)
(42.5 2 -10)
(50 2 -10)
(-10 4 -10)
(-2.5 4 -10)
(5 4 -10)
(12.5 4 -10)
(20 4 -10)
(27.5 4 -10)
(35 4 -10)
(42.5 4 -10)
(50 4 -10)
(-10 6 -10)
(-2.5 6 -10)
(5 6 -10)
(12.5 6 -10)
(20 6 -10)
(27.5 6 -10)
(35 6 -10)
(42.5 6 -10)
(50 6 -10)
(-10 8 -10)
(-2.5 8 -10)
(5 8 -10)
(12.5 8 -10)
(20 8 -10)
(27.5 8 -10)
(35 8 -10)
(42.5 8 -10)
(50 8 -10)
(-10 10 -10)
(-2.5 10 -10)
(5 10 -10)
(12.5 10 -10)
(20 10 -10)
(27.5 10 -10)
(35 10 -10)
(42.5 10 -10)
(50 10 -10)
(-10 12 -10)
(-2.5 12 -10)
(5 12 -10)
(12.5 12 -10)
(20 12 -10)
(27.5 12 -10)
(35 12 -10)
(42.5 12 -10)
(50 12 -10)
(-10 14 -10)
(-2.5 14 -10)
(5 14 -10)
(12.5 14 -10)
(20 14 -10)
(27.5 14 -10)
(35 14 -10)
(42.5 14 -10)
(50 14 -10)
(-10 16 -10)
(-2.5 16 -10)
(5 16 -10)
(12.5 16 -10)
(20 16 -10)
(27.5 16 -10)
(35 16 -10)
(42.5 16 -10)
(50 16 -10)
(-10 18 -10)
(-2.5 18 -10)
(5 18 -10)
(12.5 18 -10)
(20 18 -10)
(27.5 18 -10)
(35 18 -10)
(42.5 18 -10)
(50 18 -10)
(-10 20 -10)
(-2.5 20 -10)
(5 20 -10)
(12.5 20 -10)
(20 20 -10)
(27.5 20 -10)
(35 20 -10)
(42.5 20 -10)
(50 20 -10)
(-10 -20 -5)
(-2.5 -20 -5)
(5 -20 -5)
(12.5 -20 -5)
(20 -20 -5)
(27.5 -20 -5)
(35 -20 -5)
(42.5 -20 -5)
(50 -20 -5)
(-10 -18 -5)
(-2.5 -18 -5)
(5 -18 -5)
(12.5 -18 -5)
(20 -18 -5)
(27.5 -18 -5)
(35 -18 -5)
(42.5 -18 -5)
(50 -18 -5)
(-10 -16 -5)
(-2.5 -16 -5)
(5 -16 -5)
(12.5 -16 -5)
(20 -16 -5)
(27.5 -16 -5)
(35 -16 -5)
(42.5 -16 -5)
(50 -16 -5)
(-10 -14 -5)
(-2.5 -14 -5)
(5 -14 -5)
(12.5 -14 -5)
(20 -14 -5)
(27.5 -14 -5)
(35 -14 -5)
(42.5 -14 -5)
(50 -14 -5)
(-10 -12 -5)
(-2.5 -12 -5)
(5 -12 -5)
(12.5 -12 -5)
(20 -12 -5)
(27.5 -12 -5)
(35 -12 -5)
(42.5 -12 -5)
(50 -12 -5)
(-10 -10 -5)
(-2.5 -10 -5)
(5 -10 -5)
(12.5 -10 -5)
(20 -10 -5)
(27.5 -10 -5)
(35 -10 -5)
(42.5 -10 -5)
(50 -10 -5)
(-10 -8 -5)
(-2.5 -8 -5)
(5 -8 -5)
(12.5 -8 -5)
(20 -8 -5)
(27.5 -8 -5)
(35 -8 -5)
(42.5 -8 -5)
(50 -8 -5)
(-10 -6 -5)
(-2.5 -6 -5)
(5 -6 -5)
(12.5 -6 -5)
(20 -6 -5)
(27.5 -6 -5)
(35 -6 -5)
(42.5 -6 -5)
(50 -6 -5)
(-10 -4 -5)
(-2.5 -4 -5)
(5 -4 -5)
(12.5 -4 -5)
(20 -4 -5)
(27.5 -4 -5)
(35 -4 -5)
(42.5 -4 -5)
(50 -4 -5)
(-10 -2 -5)
(-2.5 -2 -5)
(5 -2 -5)
(12.5 -2 -5)
(20 -2 -5)
(27.5 -2 -5)
(35 -2 -5)
(42.5 -2 -5)
(50 -2 -5)
(-10 0 -5)
(-2.5 0 -5)
(5 0 -5)
(12.5 0 -5)
(20 0 -5)
(27.5 0 -5)
(35 0 -5)
(42.5 0 -5)
(50 0 -5)
(-10 2 -5)
(-2.5 2 -5)
(5 2 -5)
(12.5 2 -5)
(20 2 -5)
(27.5 2 -5)
(35 2 -5)
(42.5 2 -5)
(50 2 -5)
(-10 4 -5)
(-2.5 4 -5)
(5 4 -5)
(12.5 4 -5)
(20 4 -5)
(27.5 4 -5)
(35 4 -5)
(42.5 4 -5)
(50 4 -5)
(-10 6 -5)
(-2.5 6 -5)
(5 6 -5)
(12.5 6 -5)
(20 6 -5)
(27.5 6 -5)
(35 6 -5)
(42.5 6 -5)
(50 6 -5)
(-10 8 -5)
(-2.5 8 -5)
(5 8 -5)
(12.5 8 -5)
(20 8 -5)
(27.5 8 -5)
(35 8 -5)
(42.5 8 -5)
(50 8 -5)
(-10 10 -5)
(-2.5 10 -5)
(5 10 -5)
(12.5 10 -5)
(20 10 -5)
(27.5 10 -5)
(35 10 -5)
(42.5 10 -5)
(50 10 -5)
(-10 12 -5)
(-2.5 12 -5)
(5 12 -5)
(12.5 12 -5)
(20 12 -5)
(27.5 12 -5)
(35 12 -5)
(42.5 12 -5)
(50 12 -5)
(-10 14 -5)
(-2.5 14 -5)
(5 14 -5)
(12.5 14 -5)
(20 14 -5)
(27.5 14 -5)
(35 14 -5)
(42.5 14 -5)
(50 14 -5)
(-10 16 -5)
(-2.5 16 -5)
(5 16 -5)
(12.5 16 -5)
(20 16 -5)
(27.5 16 -5)
(35 16 -5)
(42.5 16 -5)
(50 16 -5)
(-10 18 -5)
(-2.5 18 -5)
(5 18 -5)
(12.5 18 -5)
(20 18 -5)
(27.5 18 -5)
(35 18 -5)
(42.5 18 -5)
(50 18 -5)
(-10 20 -5)
(-2.5 20 -5)
(5 20 -5)
(12.5 20 -5)
(20 20 -5)
(27.5 20 -5)
(35 20 -5)
(42.5 20 -5)
(50 20 -5)
(-10 -20 0)
(-2.5 -20 0)
(5 -20 0)
(12.5 -20 0)
(20 -20 0)
(27.5 -20 0)
(35 -20 0)
(42.5 -20 0)
(50 -20 0)
(-10 -18 0)
(-2.5 -18 0)
(5 -18 -2.960594732e-16)
(12.5 -18 0)
(20 -18 0)
(27.5 -18 -1.480297366e-16)
(35 -18 1.480297366e-16)
(42.5 -18 7.401486831e-17)
(50 -18 0)
(-10 -16 0)
(-2.5 -16 0)
(5 -16 0)
(12.5 -16 0)
(20 -16 0)
(27.5 -16 0)
(35 -16 0)
(42.5 -16 0)
(50 -16 0)
(-10 -14 0)
(-2.5 -14 0)
(5 -14 0)
(12.5 -14 0)
(20 -14 0)
(27.5 -14 0)
(35 -14 0)
(42.5 -14 0)
(50 -14 0)
(-10 -12 0)
(-2.5 -12 0)
(5 -12 2.960594732e-16)
(12.5 -12 0)
(20 -12 0)
(27.5 -12 1.480297366e-16)
(35 -12 2.960594732e-16)
(42.5 -12 0)
(50 -12 0)
(-10 -10 0)
(-2.5 -10 0)
(5 -10 0)
(12.5 -10 0)
(20 -10 0)
(27.5 -10 0)
(35 -10 0)
(42.5 -10 0)
(50 -10 0)
(-10 -8 0)
(-2.5 -8 0)
(5 -8 -2.960594732e-16)
(12.5 -8 0)
(20 -8 0)
(27.5 -8 -1.480297366e-16)
(35 -8 1.480297366e-16)
(42.5 -8 0)
(50 -8 0)
(-10 -6 0)
(-2.5 -6 0)
(5 -6 0)
(12.5 -6 0)
(20 -6 0)
(27.5 -6 0)
(35 -6 0)
(42.5 -6 0)
(50 -6 0)
(-10 -4 0)
(-2.5 -4 0)
(5 -4 0)
(12.5 -4 0)
(20 -4 0)
(27.5 -4 0)
(35 -4 0)
(42.5 -4 0)
(50 -4 0)
(-10 -2 0)
(-2.5 -2 0)
(5 -2 0)
(12.5 -2 0)
(20 -2 0)
(27.5 -2 0)
(35 -2 0)
(42.5 -2 0)
(50 -2 0)
(-10 0 0)
(-2.5 0 0)
(5 0 0)
(12.5 0 0)
(20 0 0)
(27.5 0 0)
(35 0 0)
(42.5 0 0)
(50 0 0)
(-10 2 0)
(-2.5 2 0)
(5 2 0)
(12.5 2 0)
(20 2 0)
(27.5 2 0)
(35 2 0)
(42.5 2 0)
(50 2 0)
(-10 4 0)
(-2.5 4 0)
(5 4 0)
(12.5 4 0)
(20 4 0)
(27.5 4 0)
(35 4 0)
(42.5 4 0)
(50 4 0)
(-10 6 0)
(-2.5 6 0)
(5 6 0)
(12.5 6 0)
(20 6 0)
(27.5 6 0)
(35 6 0)
(42.5 6 0)
(50 6 0)
(-10 8 0)
(-2.5 8 0)
(5 8 0)
(12.5 8 0)
(20 8 0)
(27.5 8 0)
(35 8 0)
(42.5 8 0)
(50 8 0)
(-10 10 0)
(-2.5 10 0)
(5 10 0)
(12.5 10 0)
(20 10 0)
(27.5 10 0)
(35 10 0)
(42.5 10 0)
(50 10 0)
(-10 12 0)
(-2.5 12 0)
(5 12 0)
(12.5 12 0)
(20 12 0)
(27.5 12 0)
(35 12 0)
(42.5 12 0)
(50 12 0)
(-10 14 0)
(-2.5 14 0)
(5 14 0)
(12.5 14 0)
(20 14 0)
(27.5 14 0)
(35 14 0)
(42.5 14 0)
(50 14 0)
(-10 16 0)
(-2.5 16 0)
(5 16 0)
(12.5 16 0)
(20 16 0)
(27.5 16 0)
(35 16 0)
(42.5 16 0)
(50 16 0)
(-10 18 0)
(-2.5 18 0)
(5 18 0)
(12.5 18 0)
(20 18 0)
(27.5 18 0)
(35 18 0)
(42.5 18 0)
(50 18 0)
(-10 20 0)
(-2.5 20 0)
(5 20 0)
(12.5 20 0)
(20 20 0)
(27.5 20 0)
(35 20 0)
(42.5 20 0)
(50 20 0)
(-10 -20 5)
(-2.5 -20 5)
(5 -20 5)
(12.5 -20 5)
(20 -20 5)
(27.5 -20 5)
(35 -20 5)
(42.5 -20 5)
(50 -20 5)
(-10 -18 5)
(-2.5 -18 5)
(5 -18 5)
(12.5 -18 5)
(20 -18 5)
(27.5 -18 5)
(35 -18 5)
(42.5 -18 5)
(50 -18 5)
(-10 -16 5)
(-2.5 -16 5)
(5 -16 5)
(12.5 -16 5)
(20 -16 5)
(27.5 -16 5)
(35 -16 5)
(42.5 -16 5)
(50 -16 5)
(-10 -14 5)
(-2.5 -14 5)
(5 -14 5)
(12.5 -14 5)
(20 -14 5)
(27.5 -14 5)
(35 -14 5)
(42.5 -14 5)
(50 -14 5)
(-10 -12 5)
(-2.5 -12 5)
(5 -12 5)
(12.5 -12 5)
(20 -12 5)
(27.5 -12 5)
(35 -12 5)
(42.5 -12 5)
(50 -12 5)
(-10 -10 5)
(-2.5 -10 5)
(5 -10 5)
(12.5 -10 5)
(20 -10 5)
(27.5 -10 5)
(35 -10 5)
(42.5 -10 5)
(50 -10 5)
(-10 -8 5)
(-2.5 -8 5)
(5 -8 5)
(12.5 -8 5)
(20 -8 5)
(27.5 -8 5)
(35 -8 5)
(42.5 -8 5)
(50 -8 5)
(-10 -6 5)
(-2.5 -6 5)
(5 -6 5)
(12.5 -6 5)
(20 -6 5)
(27.5 -6 5)
(35 -6 5)
(42.5 -6 5)
(50 -6 5)
(-10 -4 5)
(-2.5 -4 5)
(5 -4 5)
(12.5 -4 5)
(20 -4 5)
(27.5 -4 5)
(35 -4 5)
(42.5 -4 5)
(50 -4 5)
(-10 -2 5)
(-2.5 -2 5)
(5 -2 5)
(12.5 -2 5)
(20 -2 5)
(27.5 -2 5)
(35 -2 5)
(42.5 -2 5)
(50 -2 5)
(-10 0 5)
(-2.5 0 5)
(5 0 5)
(12.5 0 5)
(20 0 5)
(27.5 0 5)
(35 0 5)
(42.5 0 5)
(50 0 5)
(-10 2 5)
(-2.5 2 5)
(5 2 5)
(12.5 2 5)
(20 2 5)
(27.5 2 5)
(35 2 5)
(42.5 2 5)
(50 2 5)
(-10 4 5)
(-2.5 4 5)
(5 4 5)
(12.5 4 5)
(20 4 5)
(27.5 4 5)
(35 4 5)
(42.5 4 5)
(50 4 5)
(-10 6 5)
(-2.5 6 5)
(5 6 5)
(12.5 6 5)
(20 6 5)
(27.5 6 5)
(35 6 5)
(42.5 6 5)
(50 6 5)
(-10 8 5)
(-2.5 8 5)
(5 8 5)
(12.5 8 5)
(20 8 5)
(27.5 8 5)
(35 8 5)
(42.5 8 5)
(50 8 5)
(-10 10 5)
(-2.5 10 5)
(5 10 5)
(12.5 10 5)
(20 10 5)
(27.5 10 5)
(35 10 5)
(42.5 10 5)
(50 10 5)
(-10 12 5)
(-2.5 12 5)
(5 12 5)
(12.5 12 5)
(20 12 5)
(27.5 12 5)
(35 12 5)
(42.5 12 5)
(50 12 5)
(-10 14 5)
(-2.5 14 5)
(5 14 5)
(12.5 14 5)
(20 14 5)
(27.5 14 5)
(35 14 5)
(42.5 14 5)
(50 14 5)
(-10 16 5)
(-2.5 16 5)
(5 16 5)
(12.5 16 5)
(20 16 5)
(27.5 16 5)
(35 16 5)
(42.5 16 5)
(50 16 5)
(-10 18 5)
(-2.5 18 5)
(5 18 5)
(12.5 18 5)
(20 18 5)
(27.5 18 5)
(35 18 5)
(42.5 18 5)
(50 18 5)
(-10 20 5)
(-2.5 20 5)
(5 20 5)
(12.5 20 5)
(20 20 5)
(27.5 20 5)
(35 20 5)
(42.5 20 5)
(50 20 5)
(-10 -20 10)
(-2.5 -20 10)
(5 -20 10)
(12.5 -20 10)
(20 -20 10)
(27.5 -20 10)
(35 -20 10)
(42.5 -20 10)
(50 -20 10)
(-10 -18 10)
(-2.5 -18 10)
(5 -18 10)
(12.5 -18 10)
(20 -18 10)
(27.5 -18 10)
(35 -18 10)
(42.5 -18 10)
(50 -18 10)
(-10 -16 10)
(-2.5 -16 10)
(5 -16 10)
(12.5 -16 10)
(20 -16 10)
(27.5 -16 10)
(35 -16 10)
(42.5 -16 10)
(50 -16 10)
(-10 -14 10)
(-2.5 -14 10)
(5 -14 10)
(12.5 -14 10)
(20 -14 10)
(27.5 -14 10)
(35 -14 10)
(42.5 -14 10)
(50 -14 10)
(-10 -12 10)
(-2.5 -12 10)
(5 -12 10)
(12.5 -12 10)
(20 -12 10)
(27.5 -12 10)
(35 -12 10)
(42.5 -12 10)
(50 -12 10)
(-10 -10 10)
(-2.5 -10 10)
(5 -10 10)
(12.5 -10 10)
(20 -10 10)
(27.5 -10 10)
(35 -10 10)
(42.5 -10 10)
(50 -10 10)
(-10 -8 10)
(-2.5 -8 10)
(5 -8 10)
(12.5 -8 10)
(20 -8 10)
(27.5 -8 10)
(35 -8 10)
(42.5 -8 10)
(50 -8 10)
(-10 -6 10)
(-2.5 -6 10)
(5 -6 10)
(12.5 -6 10)
(20 -6 10)
(27.5 -6 10)
(35 -6 10)
(42.5 -6 10)
(50 -6 10)
(-10 -4 10)
(-2.5 -4 10)
(5 -4 10)
(12.5 -4 10)
(20 -4 10)
(27.5 -4 10)
(35 -4 10)
(42.5 -4 10)
(50 -4 10)
(-10 -2 10)
(-2.5 -2 10)
(5 -2 10)
(12.5 -2 10)
(20 -2 10)
(27.5 -2 10)
(35 -2 10)
(42.5 -2 10)
(50 -2 10)
(-10 0 10)
(-2.5 0 10)
(5 0 10)
(12.5 0 10)
(20 0 10)
(27.5 0 10)
(35 0 10)
(42.5 0 10)
(50 0 10)
(-10 2 10)
(-2.5 2 10)
(5 2 10)
(12.5 2 10)
(20 2 10)
(27.5 2 10)
(35 2 10)
(42.5 2 10)
(50 2 10)
(-10 4 10)
(-2.5 4 10)
(5 4 10)
(12.5 4 10)
(20 4 10)
(27.5 4 10)
(35 4 10)
(42.5 4 10)
(50 4 10)
(-10 6 10)
(-2.5 6 10)
(5 6 10)
(12.5 6 10)
(20 6 10)
(27.5 6 10)
(35 6 10)
(42.5 6 10)
(50 6 10)
(-10 8 10)
(-2.5 8 10)
(5 8 10)
(12.5 8 10)
(20 8 10)
(27.5 8 10)
(35 8 10)
(42.5 8 10)
(50 8 10)
(-10 10 10)
(-2.5 10 10)
(5 10 10)
(12.5 10 10)
(20 10 10)
(27.5 10 10)
(35 10 10)
(42.5 10 10)
(50 10 10)
(-10 12 10)
(-2.5 12 10)
(5 12 10)
(12.5 12 10)
(20 12 10)
(27.5 12 10)
(35 12 10)
(42.5 12 10)
(50 12 10)
(-10 14 10)
(-2.5 14 10)
(5 14 10)
(12.5 14 10)
(20 14 10)
(27.5 14 10)
(35 14 10)
(42.5 14 10)
(50 14 10)
(-10 16 10)
(-2.5 16 10)
(5 16 10)
(12.5 16 10)
(20 16 10)
(27.5 16 10)
(35 16 10)
(42.5 16 10)
(50 16 10)
(-10 18 10)
(-2.5 18 10)
(5 18 10)
(12.5 18 10)
(20 18 10)
(27.5 18 10)
(35 18 10)
(42.5 18 10)
(50 18 10)
(-10 20 10)
(-2.5 20 10)
(5 20 10)
(12.5 20 10)
(20 20 10)
(27.5 20 10)
(35 20 10)
(42.5 20 10)
(50 20 10)
(-10 -20 15)
(-2.5 -20 15)
(5 -20 15)
(12.5 -20 15)
(20 -20 15)
(27.5 -20 15)
(35 -20 15)
(42.5 -20 15)
(50 -20 15)
(-10 -18 15)
(-2.5 -18 15)
(5 -18 15)
(12.5 -18 15)
(20 -18 15)
(27.5 -18 15)
(35 -18 15)
(42.5 -18 15)
(50 -18 15)
(-10 -16 15)
(-2.5 -16 15)
(5 -16 15)
(12.5 -16 15)
(20 -16 15)
(27.5 -16 15)
(35 -16 15)
(42.5 -16 15)
(50 -16 15)
(-10 -14 15)
(-2.5 -14 15)
(5 -14 15)
(12.5 -14 15)
(20 -14 15)
(27.5 -14 15)
(35 -14 15)
(42.5 -14 15)
(50 -14 15)
(-10 -12 15)
(-2.5 -12 15)
(5 -12 15)
(12.5 -12 15)
(20 -12 15)
(27.5 -12 15)
(35 -12 15)
(42.5 -12 15)
(50 -12 15)
(-10 -10 15)
(-2.5 -10 15)
(5 -10 15)
(12.5 -10 15)
(20 -10 15)
(27.5 -10 15)
(35 -10 15)
(42.5 -10 15)
(50 -10 15)
(-10 -8 15)
(-2.5 -8 15)
(5 -8 15)
(12.5 -8 15)
(20 -8 15)
(27.5 -8 15)
(35 -8 15)
(42.5 -8 15)
(50 -8 15)
(-10 -6 15)
(-2.5 -6 15)
(5 -6 15)
(12.5 -6 15)
(20 -6 15)
(27.5 -6 15)
(35 -6 15)
(42.5 -6 15)
(50 -6 15)
(-10 -4 15)
(-2.5 -4 15)
(5 -4 15)
(12.5 -4 15)
(20 -4 15)
(27.5 -4 15)
(35 -4 15)
(42.5 -4 15)
(50 -4 15)
(-10 -2 15)
(-2.5 -2 15)
(5 -2 15)
(12.5 -2 15)
(20 -2 15)
(27.5 -2 15)
(35 -2 15)
(42.5 -2 15)
(50 -2 15)
(-10 0 15)
(-2.5 0 15)
(5 0 15)
(12.5 0 15)
(20 0 15)
(27.5 0 15)
(35 0 15)
(42.5 0 15)
(50 0 15)
(-10 2 15)
(-2.5 2 15)
(5 2 15)
(12.5 2 15)
(20 2 15)
(27.5 2 15)
(35 2 15)
(42.5 2 15)
(50 2 15)
(-10 4 15)
(-2.5 4 15)
(5 4 15)
(12.5 4 15)
(20 4 15)
(27.5 4 15)
(35 4 15)
(42.5 4 15)
(50 4 15)
(-10 6 15)
(-2.5 6 15)
(5 6 15)
(12.5 6 15)
(20 6 15)
(27.5 6 15)
(35 6 15)
(42.5 6 15)
(50 6 15)
(-10 8 15)
(-2.5 8 15)
(5 8 15)
(12.5 8 15)
(20 8 15)
(27.5 8 15)
(35 8 15)
(42.5 8 15)
(50 8 15)
(-10 10 15)
(-2.5 10 15)
(5 10 15)
(12.5 10 15)
(20 10 15)
(27.5 10 15)
(35 10 15)
(42.5 10 15)
(50 10 15)
(-10 12 15)
(-2.5 12 15)
(5 12 15)
(12.5 12 15)
(20 12 15)
(27.5 12 15)
(35 12 15)
(42.5 12 15)
(50 12 15)
(-10 14 15)
(-2.5 14 15)
(5 14 15)
(12.5 14 15)
(20 14 15)
(27.5 14 15)
(35 14 15)
(42.5 14 15)
(50 14 15)
(-10 16 15)
(-2.5 16 15)
(5 16 15)
(12.5 16 15)
(20 16 15)
(27.5 16 15)
(35 16 15)
(42.5 16 15)
(50 16 15)
(-10 18 15)
(-2.5 18 15)
(5 18 15)
(12.5 18 15)
(20 18 15)
(27.5 18 15)
(35 18 15)
(42.5 18 15)
(50 18 15)
(-10 20 15)
(-2.5 20 15)
(5 20 15)
(12.5 20 15)
(20 20 15)
(27.5 20 15)
(35 20 15)
(42.5 20 15)
(50 20 15)
(-10 -20 20)
(-2.5 -20 20)
(5 -20 20)
(12.5 -20 20)
(20 -20 20)
(27.5 -20 20)
(35 -20 20)
(42.5 -20 20)
(50 -20 20)
(-10 -18 20)
(-2.5 -18 20)
(5 -18 20)
(12.5 -18 20)
(20 -18 20)
(27.5 -18 20)
(35 -18 20)
(42.5 -18 20)
(50 -18 20)
(-10 -16 20)
(-2.5 -16 20)
(5 -16 20)
(12.5 -16 20)
(20 -16 20)
(27.5 -16 20)
(35 -16 20)
(42.5 -16 20)
(50 -16 20)
(-10 -14 20)
(-2.5 -14 20)
(5 -14 20)
(12.5 -14 20)
(20 -14 20)
(27.5 -14 20)
(35 -14 20)
(42.5 -14 20)
(50 -14 20)
(-10 -12 20)
(-2.5 -12 20)
(5 -12 20)
(12.5 -12 20)
(20 -12 20)
(27.5 -12 20)
(35 -12 20)
(42.5 -12 20)
(50 -12 20)
(-10 -10 20)
(-2.5 -10 20)
(5 -10 20)
(12.5 -10 20)
(20 -10 20)
(27.5 -10 20)
(35 -10 20)
(42.5 -10 20)
(50 -10 20)
(-10 -8 20)
(-2.5 -8 20)
(5 -8 20)
(12.5 -8 20)
(20 -8 20)
(27.5 -8 20)
(35 -8 20)
(42.5 -8 20)
(50 -8 20)
(-10 -6 20)
(-2.5 -6 20)
(5 -6 20)
(12.5 -6 20)
(20 -6 20)
(27.5 -6 20)
(35 -6 20)
(42.5 -6 20)
(50 -6 20)
(-10 -4 20)
(-2.5 -4 20)
(5 -4 20)
(12.5 -4 20)
(20 -4 20)
(27.5 -4 20)
(35 -4 20)
(42.5 -4 20)
(50 -4 20)
(-10 -2 20)
(-2.5 -2 20)
(5 -2 20)
(12.5 -2 20)
(20 -2 20)
(27.5 -2 20)
(35 -2 20)
(42.5 -2 20)
(50 -2 20)
(-10 0 20)
(-2.5 0 20)
(5 0 20)
(12.5 0 20)
(20 0 20)
(27.5 0 20)
(35 0 20)
(42.5 0 20)
(50 0 20)
(-10 2 20)
(-2.5 2 20)
(5 2 20)
(12.5 2 20)
(20 2 20)
(27.5 2 20)
(35 2 20)
(42.5 2 20)
(50 2 20)
(-10 4 20)
(-2.5 4 20)
(5 4 20)
(12.5 4 20)
(20 4 20)
(27.5 4 20)
(35 4 20)
(42.5 4 20)
(50 4 20)
(-10 6 20)
(-2.5 6 20)
(5 6 20)
(12.5 6 20)
(20 6 20)
(27.5 6 20)
(35 6 20)
(42.5 6 20)
(50 6 20)
(-10 8 20)
(-2.5 8 20)
(5 8 20)
(12.5 8 20)
(20 8 20)
(27.5 8 20)
(35 8 20)
(42.5 8 20)
(50 8 20)
(-10 10 20)
(-2.5 10 20)
(5 10 20)
(12.5 10 20)
(20 10 20)
(27.5 10 20)
(35 10 20)
(42.5 10 20)
(50 10 20)
(-10 12 20)
(-2.5 12 20)
(5 12 20)
(12.5 12 20)
(20 12 20)
(27.5 12 20)
(35 12 20)
(42.5 12 20)
(50 12 20)
(-10 14 20)
(-2.5 14 20)
(5 14 20)
(12.5 14 20)
(20 14 20)
(27.5 14 20)
(35 14 20)
(42.5 14 20)
(50 14 20)
(-10 16 20)
(-2.5 16 20)
(5 16 20)
(12.5 16 20)
(20 16 20)
(27.5 16 20)
(35 16 20)
(42.5 16 20)
(50 16 20)
(-10 18 20)
(-2.5 18 20)
(5 18 20)
(12.5 18 20)
(20 18 20)
(27.5 18 20)
(35 18 20)
(42.5 18 20)
(50 18 20)
(-10 20 20)
(-2.5 20 20)
(5 20 20)
(12.5 20 20)
(20 20 20)
(27.5 20 20)
(35 20 20)
(42.5 20 20)
(50 20 20)
)


// ************************************************************************* //
