/*--------------------------------*- C++ -*----------------------------------*\
| =========                 |                                                 |
| \\      /  F ield         | OpenFOAM: The Open Source CFD Toolbox           |
|  \\    /   O peration     | Version:  2206                                  |
|   \\  /    A nd           | Website:  www.openfoam.com                      |
|    \\/     M anipulation  |                                                 |
\*---------------------------------------------------------------------------*/
FoamFile
{
    version     2.0;
    format      ascii;
    arch        "LSB;label=32;scalar=64";
    class       vectorField;
    location    "constant/polyMesh";
    object      points;
}
// * * * * * * * * * * * * * * * * * * * * * * * * * * * * * * * * * * * * * //


1701
(
(-10 -40 -15)
(-7.5 -40 -15)
(-5 -40 -15)
(-2.5 -40 -15)
(0 -40 -15)
(2.5 -40 -15)
(5 -40 -15)
(7.5 -40 -15)
(10 -40 -15)
(-10 -37 -15)
(-7.5 -37 -15)
(-5 -37 -15)
(-2.5 -37 -15)
(0 -37 -15)
(2.5 -37 -15)
(5 -37 -15)
(7.5 -37 -15)
(10 -37 -15)
(-10 -34 -15)
(-7.5 -34 -15)
(-5 -34 -15)
(-2.5 -34 -15)
(0 -34 -15)
(2.5 -34 -15)
(5 -34 -15)
(7.5 -34 -15)
(10 -34 -15)
(-10 -31 -15)
(-7.5 -31 -15)
(-5 -31 -15)
(-2.5 -31 -15)
(0 -31 -15)
(2.5 -31 -15)
(5 -31 -15)
(7.5 -31 -15)
(10 -31 -15)
(-10 -28 -15)
(-7.5 -28 -15)
(-5 -28 -15)
(-2.5 -28 -15)
(0 -28 -15)
(2.5 -28 -15)
(5 -28 -15)
(7.5 -28 -15)
(10 -28 -15)
(-10 -25 -15)
(-7.5 -25 -15)
(-5 -25 -15)
(-2.5 -25 -15)
(0 -25 -15)
(2.5 -25 -15)
(5 -25 -15)
(7.5 -25 -15)
(10 -25 -15)
(-10 -22 -15)
(-7.5 -22 -15)
(-5 -22 -15)
(-2.5 -22 -15)
(0 -22 -15)
(2.5 -22 -15)
(5 -22 -15)
(7.5 -22 -15)
(10 -22 -15)
(-10 -19 -15)
(-7.5 -19 -15)
(-5 -19 -15)
(-2.5 -19 -15)
(0 -19 -15)
(2.5 -19 -15)
(5 -19 -15)
(7.5 -19 -15)
(10 -19 -15)
(-10 -16 -15)
(-7.5 -16 -15)
(-5 -16 -15)
(-2.5 -16 -15)
(0 -16 -15)
(2.5 -16 -15)
(5 -16 -15)
(7.5 -16 -15)
(10 -16 -15)
(-10 -13 -15)
(-7.5 -13 -15)
(-5 -13 -15)
(-2.5 -13 -15)
(0 -13 -15)
(2.5 -13 -15)
(5 -13 -15)
(7.5 -13 -15)
(10 -13 -15)
(-10 -10 -15)
(-7.5 -10 -15)
(-5 -10 -15)
(-2.5 -10 -15)
(0 -10 -15)
(2.5 -10 -15)
(5 -10 -15)
(7.5 -10 -15)
(10 -10 -15)
(-10 -7 -15)
(-7.5 -7 -15)
(-5 -7 -15)
(-2.5 -7 -15)
(0 -7 -15)
(2.5 -7 -15)
(5 -7 -15)
(7.5 -7 -15)
(10 -7 -15)
(-10 -4 -15)
(-7.5 -4 -15)
(-5 -4 -15)
(-2.5 -4 -15)
(0 -4 -15)
(2.5 -4 -15)
(5 -4 -15)
(7.5 -4 -15)
(10 -4 -15)
(-10 -1 -15)
(-7.5 -1 -15)
(-5 -1 -15)
(-2.5 -1 -15)
(0 -1 -15)
(2.5 -1 -15)
(5 -1 -15)
(7.5 -1 -15)
(10 -1 -15)
(-10 2 -15)
(-7.5 2 -15)
(-5 2 -15)
(-2.5 2 -15)
(0 2 -15)
(2.5 2 -15)
(5 2 -15)
(7.5 2 -15)
(10 2 -15)
(-10 5 -15)
(-7.5 5 -15)
(-5 5 -15)
(-2.5 5 -15)
(0 5 -15)
(2.5 5 -15)
(5 5 -15)
(7.5 5 -15)
(10 5 -15)
(-10 8 -15)
(-7.5 8 -15)
(-5 8 -15)
(-2.5 8 -15)
(0 8 -15)
(2.5 8 -15)
(5 8 -15)
(7.5 8 -15)
(10 8 -15)
(-10 11 -15)
(-7.5 11 -15)
(-5 11 -15)
(-2.5 11 -15)
(0 11 -15)
(2.5 11 -15)
(5 11 -15)
(7.5 11 -15)
(10 11 -15)
(-10 14 -15)
(-7.5 14 -15)
(-5 14 -15)
(-2.5 14 -15)
(0 14 -15)
(2.5 14 -15)
(5 14 -15)
(7.5 14 -15)
(10 14 -15)
(-10 17 -15)
(-7.5 17 -15)
(-5 17 -15)
(-2.5 17 -15)
(0 17 -15)
(2.5 17 -15)
(5 17 -15)
(7.5 17 -15)
(10 17 -15)
(-10 20 -15)
(-7.5 20 -15)
(-5 20 -15)
(-2.5 20 -15)
(0 20 -15)
(2.5 20 -15)
(5 20 -15)
(7.5 20 -15)
(10 20 -15)
(-10 -40 -11.25)
(-7.5 -40 -11.25)
(-5 -40 -11.25)
(-2.5 -40 -11.25)
(0 -40 -11.25)
(2.5 -40 -11.25)
(5 -40 -11.25)
(7.5 -40 -11.25)
(10 -40 -11.25)
(-10 -37 -11.25)
(-7.5 -37 -11.25)
(-5 -37 -11.25)
(-2.5 -37 -11.25)
(0 -37 -11.25)
(2.5 -37 -11.25)
(5 -37 -11.25)
(7.5 -37 -11.25)
(10 -37 -11.25)
(-10 -34 -11.25)
(-7.5 -34 -11.25)
(-5 -34 -11.25)
(-2.5 -34 -11.25)
(0 -34 -11.25)
(2.5 -34 -11.25)
(5 -34 -11.25)
(7.5 -34 -11.25)
(10 -34 -11.25)
(-10 -31 -11.25)
(-7.5 -31 -11.25)
(-5 -31 -11.25)
(-2.5 -31 -11.25)
(0 -31 -11.25)
(2.5 -31 -11.25)
(5 -31 -11.25)
(7.5 -31 -11.25)
(10 -31 -11.25)
(-10 -28 -11.25)
(-7.5 -28 -11.25)
(-5 -28 -11.25)
(-2.5 -28 -11.25)
(0 -28 -11.25)
(2.5 -28 -11.25)
(5 -28 -11.25)
(7.5 -28 -11.25)
(10 -28 -11.25)
(-10 -25 -11.25)
(-7.5 -25 -11.25)
(-5 -25 -11.25)
(-2.5 -25 -11.25)
(0 -25 -11.25)
(2.5 -25 -11.25)
(5 -25 -11.25)
(7.5 -25 -11.25)
(10 -25 -11.25)
(-10 -22 -11.25)
(-7.5 -22 -11.25)
(-5 -22 -11.25)
(-2.5 -22 -11.25)
(0 -22 -11.25)
(2.5 -22 -11.25)
(5 -22 -11.25)
(7.5 -22 -11.25)
(10 -22 -11.25)
(-10 -19 -11.25)
(-7.5 -19 -11.25)
(-5 -19 -11.25)
(-2.5 -19 -11.25)
(0 -19 -11.25)
(2.5 -19 -11.25)
(5 -19 -11.25)
(7.5 -19 -11.25)
(10 -19 -11.25)
(-10 -16 -11.25)
(-7.5 -16 -11.25)
(-5 -16 -11.25)
(-2.5 -16 -11.25)
(0 -16 -11.25)
(2.5 -16 -11.25)
(5 -16 -11.25)
(7.5 -16 -11.25)
(10 -16 -11.25)
(-10 -13 -11.25)
(-7.5 -13 -11.25)
(-5 -13 -11.25)
(-2.5 -13 -11.25)
(0 -13 -11.25)
(2.5 -13 -11.25)
(5 -13 -11.25)
(7.5 -13 -11.25)
(10 -13 -11.25)
(-10 -10 -11.25)
(-7.5 -10 -11.25)
(-5 -10 -11.25)
(-2.5 -10 -11.25)
(0 -10 -11.25)
(2.5 -10 -11.25)
(5 -10 -11.25)
(7.5 -10 -11.25)
(10 -10 -11.25)
(-10 -7 -11.25)
(-7.5 -7 -11.25)
(-5 -7 -11.25)
(-2.5 -7 -11.25)
(0 -7 -11.25)
(2.5 -7 -11.25)
(5 -7 -11.25)
(7.5 -7 -11.25)
(10 -7 -11.25)
(-10 -4 -11.25)
(-7.5 -4 -11.25)
(-5 -4 -11.25)
(-2.5 -4 -11.25)
(0 -4 -11.25)
(2.5 -4 -11.25)
(5 -4 -11.25)
(7.5 -4 -11.25)
(10 -4 -11.25)
(-10 -1 -11.25)
(-7.5 -1 -11.25)
(-5 -1 -11.25)
(-2.5 -1 -11.25)
(0 -1 -11.25)
(2.5 -1 -11.25)
(5 -1 -11.25)
(7.5 -1 -11.25)
(10 -1 -11.25)
(-10 2 -11.25)
(-7.5 2 -11.25)
(-5 2 -11.25)
(-2.5 2 -11.25)
(0 2 -11.25)
(2.5 2 -11.25)
(5 2 -11.25)
(7.5 2 -11.25)
(10 2 -11.25)
(-10 5 -11.25)
(-7.5 5 -11.25)
(-5 5 -11.25)
(-2.5 5 -11.25)
(0 5 -11.25)
(2.5 5 -11.25)
(5 5 -11.25)
(7.5 5 -11.25)
(10 5 -11.25)
(-10 8 -11.25)
(-7.5 8 -11.25)
(-5 8 -11.25)
(-2.5 8 -11.25)
(0 8 -11.25)
(2.5 8 -11.25)
(5 8 -11.25)
(7.5 8 -11.25)
(10 8 -11.25)
(-10 11 -11.25)
(-7.5 11 -11.25)
(-5 11 -11.25)
(-2.5 11 -11.25)
(0 11 -11.25)
(2.5 11 -11.25)
(5 11 -11.25)
(7.5 11 -11.25)
(10 11 -11.25)
(-10 14 -11.25)
(-7.5 14 -11.25)
(-5 14 -11.25)
(-2.5 14 -11.25)
(0 14 -11.25)
(2.5 14 -11.25)
(5 14 -11.25)
(7.5 14 -11.25)
(10 14 -11.25)
(-10 17 -11.25)
(-7.5 17 -11.25)
(-5 17 -11.25)
(-2.5 17 -11.25)
(0 17 -11.25)
(2.5 17 -11.25)
(5 17 -11.25)
(7.5 17 -11.25)
(10 17 -11.25)
(-10 20 -11.25)
(-7.5 20 -11.25)
(-5 20 -11.25)
(-2.5 20 -11.25)
(0 20 -11.25)
(2.5 20 -11.25)
(5 20 -11.25)
(7.5 20 -11.25)
(10 20 -11.25)
(-10 -40 -7.5)
(-7.5 -40 -7.5)
(-5 -40 -7.5)
(-2.5 -40 -7.5)
(0 -40 -7.5)
(2.5 -40 -7.5)
(5 -40 -7.5)
(7.5 -40 -7.5)
(10 -40 -7.5)
(-10 -37 -7.5)
(-7.5 -37 -7.5)
(-5 -37 -7.5)
(-2.5 -37 -7.5)
(0 -37 -7.5)
(2.5 -37 -7.5)
(5 -37 -7.5)
(7.5 -37 -7.5)
(10 -37 -7.5)
(-10 -34 -7.5)
(-7.5 -34 -7.5)
(-5 -34 -7.5)
(-2.5 -34 -7.5)
(0 -34 -7.5)
(2.5 -34 -7.5)
(5 -34 -7.5)
(7.5 -34 -7.5)
(10 -34 -7.5)
(-10 -31 -7.5)
(-7.5 -31 -7.5)
(-5 -31 -7.5)
(-2.5 -31 -7.5)
(0 -31 -7.5)
(2.5 -31 -7.5)
(5 -31 -7.5)
(7.5 -31 -7.5)
(10 -31 -7.5)
(-10 -28 -7.5)
(-7.5 -28 -7.5)
(-5 -28 -7.5)
(-2.5 -28 -7.5)
(0 -28 -7.5)
(2.5 -28 -7.5)
(5 -28 -7.5)
(7.5 -28 -7.5)
(10 -28 -7.5)
(-10 -25 -7.5)
(-7.5 -25 -7.5)
(-5 -25 -7.5)
(-2.5 -25 -7.5)
(0 -25 -7.5)
(2.5 -25 -7.5)
(5 -25 -7.5)
(7.5 -25 -7.5)
(10 -25 -7.5)
(-10 -22 -7.5)
(-7.5 -22 -7.5)
(-5 -22 -7.5)
(-2.5 -22 -7.5)
(0 -22 -7.5)
(2.5 -22 -7.5)
(5 -22 -7.5)
(7.5 -22 -7.5)
(10 -22 -7.5)
(-10 -19 -7.5)
(-7.5 -19 -7.5)
(-5 -19 -7.5)
(-2.5 -19 -7.5)
(0 -19 -7.5)
(2.5 -19 -7.5)
(5 -19 -7.5)
(7.5 -19 -7.5)
(10 -19 -7.5)
(-10 -16 -7.5)
(-7.5 -16 -7.5)
(-5 -16 -7.5)
(-2.5 -16 -7.5)
(0 -16 -7.5)
(2.5 -16 -7.5)
(5 -16 -7.5)
(7.5 -16 -7.5)
(10 -16 -7.5)
(-10 -13 -7.5)
(-7.5 -13 -7.5)
(-5 -13 -7.5)
(-2.5 -13 -7.5)
(0 -13 -7.5)
(2.5 -13 -7.5)
(5 -13 -7.5)
(7.5 -13 -7.5)
(10 -13 -7.5)
(-10 -10 -7.5)
(-7.5 -10 -7.5)
(-5 -10 -7.5)
(-2.5 -10 -7.5)
(0 -10 -7.5)
(2.5 -10 -7.5)
(5 -10 -7.5)
(7.5 -10 -7.5)
(10 -10 -7.5)
(-10 -7 -7.5)
(-7.5 -7 -7.5)
(-5 -7 -7.5)
(-2.5 -7 -7.5)
(0 -7 -7.5)
(2.5 -7 -7.5)
(5 -7 -7.5)
(7.5 -7 -7.5)
(10 -7 -7.5)
(-10 -4 -7.5)
(-7.5 -4 -7.5)
(-5 -4 -7.5)
(-2.5 -4 -7.5)
(0 -4 -7.5)
(2.5 -4 -7.5)
(5 -4 -7.5)
(7.5 -4 -7.5)
(10 -4 -7.5)
(-10 -1 -7.5)
(-7.5 -1 -7.5)
(-5 -1 -7.5)
(-2.5 -1 -7.5)
(0 -1 -7.5)
(2.5 -1 -7.5)
(5 -1 -7.5)
(7.5 -1 -7.5)
(10 -1 -7.5)
(-10 2 -7.5)
(-7.5 2 -7.5)
(-5 2 -7.5)
(-2.5 2 -7.5)
(0 2 -7.5)
(2.5 2 -7.5)
(5 2 -7.5)
(7.5 2 -7.5)
(10 2 -7.5)
(-10 5 -7.5)
(-7.5 5 -7.5)
(-5 5 -7.5)
(-2.5 5 -7.5)
(0 5 -7.5)
(2.5 5 -7.5)
(5 5 -7.5)
(7.5 5 -7.5)
(10 5 -7.5)
(-10 8 -7.5)
(-7.5 8 -7.5)
(-5 8 -7.5)
(-2.5 8 -7.5)
(0 8 -7.5)
(2.5 8 -7.5)
(5 8 -7.5)
(7.5 8 -7.5)
(10 8 -7.5)
(-10 11 -7.5)
(-7.5 11 -7.5)
(-5 11 -7.5)
(-2.5 11 -7.5)
(0 11 -7.5)
(2.5 11 -7.5)
(5 11 -7.5)
(7.5 11 -7.5)
(10 11 -7.5)
(-10 14 -7.5)
(-7.5 14 -7.5)
(-5 14 -7.5)
(-2.5 14 -7.5)
(0 14 -7.5)
(2.5 14 -7.5)
(5 14 -7.5)
(7.5 14 -7.5)
(10 14 -7.5)
(-10 17 -7.5)
(-7.5 17 -7.5)
(-5 17 -7.5)
(-2.5 17 -7.5)
(0 17 -7.5)
(2.5 17 -7.5)
(5 17 -7.5)
(7.5 17 -7.5)
(10 17 -7.5)
(-10 20 -7.5)
(-7.5 20 -7.5)
(-5 20 -7.5)
(-2.5 20 -7.5)
(0 20 -7.5)
(2.5 20 -7.5)
(5 20 -7.5)
(7.5 20 -7.5)
(10 20 -7.5)
(-10 -40 -3.75)
(-7.5 -40 -3.75)
(-5 -40 -3.75)
(-2.5 -40 -3.75)
(0 -40 -3.75)
(2.5 -40 -3.75)
(5 -40 -3.75)
(7.5 -40 -3.75)
(10 -40 -3.75)
(-10 -37 -3.75)
(-7.5 -37 -3.75)
(-5 -37 -3.75)
(-2.5 -37 -3.75)
(0 -37 -3.75)
(2.5 -37 -3.75)
(5 -37 -3.75)
(7.5 -37 -3.75)
(10 -37 -3.75)
(-10 -34 -3.75)
(-7.5 -34 -3.75)
(-5 -34 -3.75)
(-2.5 -34 -3.75)
(0 -34 -3.75)
(2.5 -34 -3.75)
(5 -34 -3.75)
(7.5 -34 -3.75)
(10 -34 -3.75)
(-10 -31 -3.75)
(-7.5 -31 -3.75)
(-5 -31 -3.75)
(-2.5 -31 -3.75)
(0 -31 -3.75)
(2.5 -31 -3.75)
(5 -31 -3.75)
(7.5 -31 -3.75)
(10 -31 -3.75)
(-10 -28 -3.75)
(-7.5 -28 -3.75)
(-5 -28 -3.75)
(-2.5 -28 -3.75)
(0 -28 -3.75)
(2.5 -28 -3.75)
(5 -28 -3.75)
(7.5 -28 -3.75)
(10 -28 -3.75)
(-10 -25 -3.75)
(-7.5 -25 -3.75)
(-5 -25 -3.75)
(-2.5 -25 -3.75)
(0 -25 -3.75)
(2.5 -25 -3.75)
(5 -25 -3.75)
(7.5 -25 -3.75)
(10 -25 -3.75)
(-10 -22 -3.75)
(-7.5 -22 -3.75)
(-5 -22 -3.75)
(-2.5 -22 -3.75)
(0 -22 -3.75)
(2.5 -22 -3.75)
(5 -22 -3.75)
(7.5 -22 -3.75)
(10 -22 -3.75)
(-10 -19 -3.75)
(-7.5 -19 -3.75)
(-5 -19 -3.75)
(-2.5 -19 -3.75)
(0 -19 -3.75)
(2.5 -19 -3.75)
(5 -19 -3.75)
(7.5 -19 -3.75)
(10 -19 -3.75)
(-10 -16 -3.75)
(-7.5 -16 -3.75)
(-5 -16 -3.75)
(-2.5 -16 -3.75)
(0 -16 -3.75)
(2.5 -16 -3.75)
(5 -16 -3.75)
(7.5 -16 -3.75)
(10 -16 -3.75)
(-10 -13 -3.75)
(-7.5 -13 -3.75)
(-5 -13 -3.75)
(-2.5 -13 -3.75)
(0 -13 -3.75)
(2.5 -13 -3.75)
(5 -13 -3.75)
(7.5 -13 -3.75)
(10 -13 -3.75)
(-10 -10 -3.75)
(-7.5 -10 -3.75)
(-5 -10 -3.75)
(-2.5 -10 -3.75)
(0 -10 -3.75)
(2.5 -10 -3.75)
(5 -10 -3.75)
(7.5 -10 -3.75)
(10 -10 -3.75)
(-10 -7 -3.75)
(-7.5 -7 -3.75)
(-5 -7 -3.75)
(-2.5 -7 -3.75)
(0 -7 -3.75)
(2.5 -7 -3.75)
(5 -7 -3.75)
(7.5 -7 -3.75)
(10 -7 -3.75)
(-10 -4 -3.75)
(-7.5 -4 -3.75)
(-5 -4 -3.75)
(-2.5 -4 -3.75)
(0 -4 -3.75)
(2.5 -4 -3.75)
(5 -4 -3.75)
(7.5 -4 -3.75)
(10 -4 -3.75)
(-10 -1 -3.75)
(-7.5 -1 -3.75)
(-5 -1 -3.75)
(-2.5 -1 -3.75)
(0 -1 -3.75)
(2.5 -1 -3.75)
(5 -1 -3.75)
(7.5 -1 -3.75)
(10 -1 -3.75)
(-10 2 -3.75)
(-7.5 2 -3.75)
(-5 2 -3.75)
(-2.5 2 -3.75)
(0 2 -3.75)
(2.5 2 -3.75)
(5 2 -3.75)
(7.5 2 -3.75)
(10 2 -3.75)
(-10 5 -3.75)
(-7.5 5 -3.75)
(-5 5 -3.75)
(-2.5 5 -3.75)
(0 5 -3.75)
(2.5 5 -3.75)
(5 5 -3.75)
(7.5 5 -3.75)
(10 5 -3.75)
(-10 8 -3.75)
(-7.5 8 -3.75)
(-5 8 -3.75)
(-2.5 8 -3.75)
(0 8 -3.75)
(2.5 8 -3.75)
(5 8 -3.75)
(7.5 8 -3.75)
(10 8 -3.75)
(-10 11 -3.75)
(-7.5 11 -3.75)
(-5 11 -3.75)
(-2.5 11 -3.75)
(0 11 -3.75)
(2.5 11 -3.75)
(5 11 -3.75)
(7.5 11 -3.75)
(10 11 -3.75)
(-10 14 -3.75)
(-7.5 14 -3.75)
(-5 14 -3.75)
(-2.5 14 -3.75)
(0 14 -3.75)
(2.5 14 -3.75)
(5 14 -3.75)
(7.5 14 -3.75)
(10 14 -3.75)
(-10 17 -3.75)
(-7.5 17 -3.75)
(-5 17 -3.75)
(-2.5 17 -3.75)
(0 17 -3.75)
(2.5 17 -3.75)
(5 17 -3.75)
(7.5 17 -3.75)
(10 17 -3.75)
(-10 20 -3.75)
(-7.5 20 -3.75)
(-5 20 -3.75)
(-2.5 20 -3.75)
(0 20 -3.75)
(2.5 20 -3.75)
(5 20 -3.75)
(7.5 20 -3.75)
(10 20 -3.75)
(-10 -40 0)
(-7.5 -40 0)
(-5 -40 0)
(-2.5 -40 0)
(0 -40 0)
(2.5 -40 0)
(5 -40 0)
(7.5 -40 0)
(10 -40 0)
(-10 -37 0)
(-7.5 -37 0)
(-5 -37 0)
(-2.5 -37 0)
(0 -37 0)
(2.5 -37 -1.480297366e-16)
(5 -37 1.480297366e-16)
(7.5 -37 7.401486831e-17)
(10 -37 0)
(-10 -34 0)
(-7.5 -34 0)
(-5 -34 0)
(-2.5 -34 0)
(0 -34 0)
(2.5 -34 0)
(5 -34 0)
(7.5 -34 0)
(10 -34 0)
(-10 -31 0)
(-7.5 -31 0)
(-5 -31 0)
(-2.5 -31 0)
(0 -31 0)
(2.5 -31 0)
(5 -31 0)
(7.5 -31 0)
(10 -31 0)
(-10 -28 0)
(-7.5 -28 0)
(-5 -28 0)
(-2.5 -28 0)
(0 -28 0)
(2.5 -28 1.480297366e-16)
(5 -28 0)
(7.5 -28 0)
(10 -28 0)
(-10 -25 0)
(-7.5 -25 0)
(-5 -25 0)
(-2.5 -25 0)
(0 -25 0)
(2.5 -25 0)
(5 -25 0)
(7.5 -25 0)
(10 -25 0)
(-10 -22 0)
(-7.5 -22 0)
(-5 -22 0)
(-2.5 -22 0)
(0 -22 0)
(2.5 -22 -1.480297366e-16)
(5 -22 1.480297366e-16)
(7.5 -22 0)
(10 -22 0)
(-10 -19 0)
(-7.5 -19 0)
(-5 -19 0)
(-2.5 -19 0)
(0 -19 0)
(2.5 -19 0)
(5 -19 0)
(7.5 -19 0)
(10 -19 0)
(-10 -16 0)
(-7.5 -16 0)
(-5 -16 0)
(-2.5 -16 0)
(0 -16 0)
(2.5 -16 0)
(5 -16 0)
(7.5 -16 0)
(10 -16 0)
(-10 -13 0)
(-7.5 -13 0)
(-5 -13 0)
(-2.5 -13 0)
(0 -13 0)
(2.5 -13 0)
(5 -13 0)
(7.5 -13 0)
(10 -13 0)
(-10 -10 0)
(-7.5 -10 0)
(-5 -10 0)
(-2.5 -10 0)
(0 -10 0)
(2.5 -10 0)
(5 -10 0)
(7.5 -10 0)
(10 -10 0)
(-10 -7 0)
(-7.5 -7 0)
(-5 -7 0)
(-2.5 -7 0)
(0 -7 0)
(2.5 -7 0)
(5 -7 0)
(7.5 -7 0)
(10 -7 0)
(-10 -4 0)
(-7.5 -4 0)
(-5 -4 0)
(-2.5 -4 0)
(0 -4 0)
(2.5 -4 0)
(5 -4 0)
(7.5 -4 0)
(10 -4 0)
(-10 -1 0)
(-7.5 -1 0)
(-5 -1 0)
(-2.5 -1 0)
(0 -1 0)
(2.5 -1 0)
(5 -1 0)
(7.5 -1 0)
(10 -1 0)
(-10 2 0)
(-7.5 2 0)
(-5 2 0)
(-2.5 2 0)
(0 2 0)
(2.5 2 0)
(5 2 0)
(7.5 2 0)
(10 2 0)
(-10 5 0)
(-7.5 5 0)
(-5 5 0)
(-2.5 5 0)
(0 5 0)
(2.5 5 0)
(5 5 0)
(7.5 5 0)
(10 5 0)
(-10 8 0)
(-7.5 8 0)
(-5 8 0)
(-2.5 8 0)
(0 8 0)
(2.5 8 0)
(5 8 0)
(7.5 8 0)
(10 8 0)
(-10 11 0)
(-7.5 11 0)
(-5 11 0)
(-2.5 11 0)
(0 11 0)
(2.5 11 0)
(5 11 0)
(7.5 11 0)
(10 11 0)
(-10 14 0)
(-7.5 14 0)
(-5 14 0)
(-2.5 14 0)
(0 14 0)
(2.5 14 0)
(5 14 0)
(7.5 14 0)
(10 14 0)
(-10 17 0)
(-7.5 17 0)
(-5 17 0)
(-2.5 17 0)
(0 17 0)
(2.5 17 0)
(5 17 0)
(7.5 17 0)
(10 17 0)
(-10 20 0)
(-7.5 20 0)
(-5 20 0)
(-2.5 20 0)
(0 20 0)
(2.5 20 0)
(5 20 0)
(7.5 20 0)
(10 20 0)
(-10 -40 3.75)
(-7.5 -40 3.75)
(-5 -40 3.75)
(-2.5 -40 3.75)
(0 -40 3.75)
(2.5 -40 3.75)
(5 -40 3.75)
(7.5 -40 3.75)
(10 -40 3.75)
(-10 -37 3.75)
(-7.5 -37 3.75)
(-5 -37 3.75)
(-2.5 -37 3.75)
(0 -37 3.75)
(2.5 -37 3.75)
(5 -37 3.75)
(7.5 -37 3.75)
(10 -37 3.75)
(-10 -34 3.75)
(-7.5 -34 3.75)
(-5 -34 3.75)
(-2.5 -34 3.75)
(0 -34 3.75)
(2.5 -34 3.75)
(5 -34 3.75)
(7.5 -34 3.75)
(10 -34 3.75)
(-10 -31 3.75)
(-7.5 -31 3.75)
(-5 -31 3.75)
(-2.5 -31 3.75)
(0 -31 3.75)
(2.5 -31 3.75)
(5 -31 3.75)
(7.5 -31 3.75)
(10 -31 3.75)
(-10 -28 3.75)
(-7.5 -28 3.75)
(-5 -28 3.75)
(-2.5 -28 3.75)
(0 -28 3.75)
(2.5 -28 3.75)
(5 -28 3.75)
(7.5 -28 3.75)
(10 -28 3.75)
(-10 -25 3.75)
(-7.5 -25 3.75)
(-5 -25 3.75)
(-2.5 -25 3.75)
(0 -25 3.75)
(2.5 -25 3.75)
(5 -25 3.75)
(7.5 -25 3.75)
(10 -25 3.75)
(-10 -22 3.75)
(-7.5 -22 3.75)
(-5 -22 3.75)
(-2.5 -22 3.75)
(0 -22 3.75)
(2.5 -22 3.75)
(5 -22 3.75)
(7.5 -22 3.75)
(10 -22 3.75)
(-10 -19 3.75)
(-7.5 -19 3.75)
(-5 -19 3.75)
(-2.5 -19 3.75)
(0 -19 3.75)
(2.5 -19 3.75)
(5 -19 3.75)
(7.5 -19 3.75)
(10 -19 3.75)
(-10 -16 3.75)
(-7.5 -16 3.75)
(-5 -16 3.75)
(-2.5 -16 3.75)
(0 -16 3.75)
(2.5 -16 3.75)
(5 -16 3.75)
(7.5 -16 3.75)
(10 -16 3.75)
(-10 -13 3.75)
(-7.5 -13 3.75)
(-5 -13 3.75)
(-2.5 -13 3.75)
(0 -13 3.75)
(2.5 -13 3.75)
(5 -13 3.75)
(7.5 -13 3.75)
(10 -13 3.75)
(-10 -10 3.75)
(-7.5 -10 3.75)
(-5 -10 3.75)
(-2.5 -10 3.75)
(0 -10 3.75)
(2.5 -10 3.75)
(5 -10 3.75)
(7.5 -10 3.75)
(10 -10 3.75)
(-10 -7 3.75)
(-7.5 -7 3.75)
(-5 -7 3.75)
(-2.5 -7 3.75)
(0 -7 3.75)
(2.5 -7 3.75)
(5 -7 3.75)
(7.5 -7 3.75)
(10 -7 3.75)
(-10 -4 3.75)
(-7.5 -4 3.75)
(-5 -4 3.75)
(-2.5 -4 3.75)
(0 -4 3.75)
(2.5 -4 3.75)
(5 -4 3.75)
(7.5 -4 3.75)
(10 -4 3.75)
(-10 -1 3.75)
(-7.5 -1 3.75)
(-5 -1 3.75)
(-2.5 -1 3.75)
(0 -1 3.75)
(2.5 -1 3.75)
(5 -1 3.75)
(7.5 -1 3.75)
(10 -1 3.75)
(-10 2 3.75)
(-7.5 2 3.75)
(-5 2 3.75)
(-2.5 2 3.75)
(0 2 3.75)
(2.5 2 3.75)
(5 2 3.75)
(7.5 2 3.75)
(10 2 3.75)
(-10 5 3.75)
(-7.5 5 3.75)
(-5 5 3.75)
(-2.5 5 3.75)
(0 5 3.75)
(2.5 5 3.75)
(5 5 3.75)
(7.5 5 3.75)
(10 5 3.75)
(-10 8 3.75)
(-7.5 8 3.75)
(-5 8 3.75)
(-2.5 8 3.75)
(0 8 3.75)
(2.5 8 3.75)
(5 8 3.75)
(7.5 8 3.75)
(10 8 3.75)
(-10 11 3.75)
(-7.5 11 3.75)
(-5 11 3.75)
(-2.5 11 3.75)
(0 11 3.75)
(2.5 11 3.75)
(5 11 3.75)
(7.5 11 3.75)
(10 11 3.75)
(-10 14 3.75)
(-7.5 14 3.75)
(-5 14 3.75)
(-2.5 14 3.75)
(0 14 3.75)
(2.5 14 3.75)
(5 14 3.75)
(7.5 14 3.75)
(10 14 3.75)
(-10 17 3.75)
(-7.5 17 3.75)
(-5 17 3.75)
(-2.5 17 3.75)
(0 17 3.75)
(2.5 17 3.75)
(5 17 3.75)
(7.5 17 3.75)
(10 17 3.75)
(-10 20 3.75)
(-7.5 20 3.75)
(-5 20 3.75)
(-2.5 20 3.75)
(0 20 3.75)
(2.5 20 3.75)
(5 20 3.75)
(7.5 20 3.75)
(10 20 3.75)
(-10 -40 7.5)
(-7.5 -40 7.5)
(-5 -40 7.5)
(-2.5 -40 7.5)
(0 -40 7.5)
(2.5 -40 7.5)
(5 -40 7.5)
(7.5 -40 7.5)
(10 -40 7.5)
(-10 -37 7.5)
(-7.5 -37 7.5)
(-5 -37 7.5)
(-2.5 -37 7.5)
(0 -37 7.5)
(2.5 -37 7.5)
(5 -37 7.5)
(7.5 -37 7.5)
(10 -37 7.5)
(-10 -34 7.5)
(-7.5 -34 7.5)
(-5 -34 7.5)
(-2.5 -34 7.5)
(0 -34 7.5)
(2.5 -34 7.5)
(5 -34 7.5)
(7.5 -34 7.5)
(10 -34 7.5)
(-10 -31 7.5)
(-7.5 -31 7.5)
(-5 -31 7.5)
(-2.5 -31 7.5)
(0 -31 7.5)
(2.5 -31 7.5)
(5 -31 7.5)
(7.5 -31 7.5)
(10 -31 7.5)
(-10 -28 7.5)
(-7.5 -28 7.5)
(-5 -28 7.5)
(-2.5 -28 7.5)
(0 -28 7.5)
(2.5 -28 7.5)
(5 -28 7.5)
(7.5 -28 7.5)
(10 -28 7.5)
(-10 -25 7.5)
(-7.5 -25 7.5)
(-5 -25 7.5)
(-2.5 -25 7.5)
(0 -25 7.5)
(2.5 -25 7.5)
(5 -25 7.5)
(7.5 -25 7.5)
(10 -25 7.5)
(-10 -22 7.5)
(-7.5 -22 7.5)
(-5 -22 7.5)
(-2.5 -22 7.5)
(0 -22 7.5)
(2.5 -22 7.5)
(5 -22 7.5)
(7.5 -22 7.5)
(10 -22 7.5)
(-10 -19 7.5)
(-7.5 -19 7.5)
(-5 -19 7.5)
(-2.5 -19 7.5)
(0 -19 7.5)
(2.5 -19 7.5)
(5 -19 7.5)
(7.5 -19 7.5)
(10 -19 7.5)
(-10 -16 7.5)
(-7.5 -16 7.5)
(-5 -16 7.5)
(-2.5 -16 7.5)
(0 -16 7.5)
(2.5 -16 7.5)
(5 -16 7.5)
(7.5 -16 7.5)
(10 -16 7.5)
(-10 -13 7.5)
(-7.5 -13 7.5)
(-5 -13 7.5)
(-2.5 -13 7.5)
(0 -13 7.5)
(2.5 -13 7.5)
(5 -13 7.5)
(7.5 -13 7.5)
(10 -13 7.5)
(-10 -10 7.5)
(-7.5 -10 7.5)
(-5 -10 7.5)
(-2.5 -10 7.5)
(0 -10 7.5)
(2.5 -10 7.5)
(5 -10 7.5)
(7.5 -10 7.5)
(10 -10 7.5)
(-10 -7 7.5)
(-7.5 -7 7.5)
(-5 -7 7.5)
(-2.5 -7 7.5)
(0 -7 7.5)
(2.5 -7 7.5)
(5 -7 7.5)
(7.5 -7 7.5)
(10 -7 7.5)
(-10 -4 7.5)
(-7.5 -4 7.5)
(-5 -4 7.5)
(-2.5 -4 7.5)
(0 -4 7.5)
(2.5 -4 7.5)
(5 -4 7.5)
(7.5 -4 7.5)
(10 -4 7.5)
(-10 -1 7.5)
(-7.5 -1 7.5)
(-5 -1 7.5)
(-2.5 -1 7.5)
(0 -1 7.5)
(2.5 -1 7.5)
(5 -1 7.5)
(7.5 -1 7.5)
(10 -1 7.5)
(-10 2 7.5)
(-7.5 2 7.5)
(-5 2 7.5)
(-2.5 2 7.5)
(0 2 7.5)
(2.5 2 7.5)
(5 2 7.5)
(7.5 2 7.5)
(10 2 7.5)
(-10 5 7.5)
(-7.5 5 7.5)
(-5 5 7.5)
(-2.5 5 7.5)
(0 5 7.5)
(2.5 5 7.5)
(5 5 7.5)
(7.5 5 7.5)
(10 5 7.5)
(-10 8 7.5)
(-7.5 8 7.5)
(-5 8 7.5)
(-2.5 8 7.5)
(0 8 7.5)
(2.5 8 7.5)
(5 8 7.5)
(7.5 8 7.5)
(10 8 7.5)
(-10 11 7.5)
(-7.5 11 7.5)
(-5 11 7.5)
(-2.5 11 7.5)
(0 11 7.5)
(2.5 11 7.5)
(5 11 7.5)
(7.5 11 7.5)
(10 11 7.5)
(-10 14 7.5)
(-7.5 14 7.5)
(-5 14 7.5)
(-2.5 14 7.5)
(0 14 7.5)
(2.5 14 7.5)
(5 14 7.5)
(7.5 14 7.5)
(10 14 7.5)
(-10 17 7.5)
(-7.5 17 7.5)
(-5 17 7.5)
(-2.5 17 7.5)
(0 17 7.5)
(2.5 17 7.5)
(5 17 7.5)
(7.5 17 7.5)
(10 17 7.5)
(-10 20 7.5)
(-7.5 20 7.5)
(-5 20 7.5)
(-2.5 20 7.5)
(0 20 7.5)
(2.5 20 7.5)
(5 20 7.5)
(7.5 20 7.5)
(10 20 7.5)
(-10 -40 11.25)
(-7.5 -40 11.25)
(-5 -40 11.25)
(-2.5 -40 11.25)
(0 -40 11.25)
(2.5 -40 11.25)
(5 -40 11.25)
(7.5 -40 11.25)
(10 -40 11.25)
(-10 -37 11.25)
(-7.5 -37 11.25)
(-5 -37 11.25)
(-2.5 -37 11.25)
(0 -37 11.25)
(2.5 -37 11.25)
(5 -37 11.25)
(7.5 -37 11.25)
(10 -37 11.25)
(-10 -34 11.25)
(-7.5 -34 11.25)
(-5 -34 11.25)
(-2.5 -34 11.25)
(0 -34 11.25)
(2.5 -34 11.25)
(5 -34 11.25)
(7.5 -34 11.25)
(10 -34 11.25)
(-10 -31 11.25)
(-7.5 -31 11.25)
(-5 -31 11.25)
(-2.5 -31 11.25)
(0 -31 11.25)
(2.5 -31 11.25)
(5 -31 11.25)
(7.5 -31 11.25)
(10 -31 11.25)
(-10 -28 11.25)
(-7.5 -28 11.25)
(-5 -28 11.25)
(-2.5 -28 11.25)
(0 -28 11.25)
(2.5 -28 11.25)
(5 -28 11.25)
(7.5 -28 11.25)
(10 -28 11.25)
(-10 -25 11.25)
(-7.5 -25 11.25)
(-5 -25 11.25)
(-2.5 -25 11.25)
(0 -25 11.25)
(2.5 -25 11.25)
(5 -25 11.25)
(7.5 -25 11.25)
(10 -25 11.25)
(-10 -22 11.25)
(-7.5 -22 11.25)
(-5 -22 11.25)
(-2.5 -22 11.25)
(0 -22 11.25)
(2.5 -22 11.25)
(5 -22 11.25)
(7.5 -22 11.25)
(10 -22 11.25)
(-10 -19 11.25)
(-7.5 -19 11.25)
(-5 -19 11.25)
(-2.5 -19 11.25)
(0 -19 11.25)
(2.5 -19 11.25)
(5 -19 11.25)
(7.5 -19 11.25)
(10 -19 11.25)
(-10 -16 11.25)
(-7.5 -16 11.25)
(-5 -16 11.25)
(-2.5 -16 11.25)
(0 -16 11.25)
(2.5 -16 11.25)
(5 -16 11.25)
(7.5 -16 11.25)
(10 -16 11.25)
(-10 -13 11.25)
(-7.5 -13 11.25)
(-5 -13 11.25)
(-2.5 -13 11.25)
(0 -13 11.25)
(2.5 -13 11.25)
(5 -13 11.25)
(7.5 -13 11.25)
(10 -13 11.25)
(-10 -10 11.25)
(-7.5 -10 11.25)
(-5 -10 11.25)
(-2.5 -10 11.25)
(0 -10 11.25)
(2.5 -10 11.25)
(5 -10 11.25)
(7.5 -10 11.25)
(10 -10 11.25)
(-10 -7 11.25)
(-7.5 -7 11.25)
(-5 -7 11.25)
(-2.5 -7 11.25)
(0 -7 11.25)
(2.5 -7 11.25)
(5 -7 11.25)
(7.5 -7 11.25)
(10 -7 11.25)
(-10 -4 11.25)
(-7.5 -4 11.25)
(-5 -4 11.25)
(-2.5 -4 11.25)
(0 -4 11.25)
(2.5 -4 11.25)
(5 -4 11.25)
(7.5 -4 11.25)
(10 -4 11.25)
(-10 -1 11.25)
(-7.5 -1 11.25)
(-5 -1 11.25)
(-2.5 -1 11.25)
(0 -1 11.25)
(2.5 -1 11.25)
(5 -1 11.25)
(7.5 -1 11.25)
(10 -1 11.25)
(-10 2 11.25)
(-7.5 2 11.25)
(-5 2 11.25)
(-2.5 2 11.25)
(0 2 11.25)
(2.5 2 11.25)
(5 2 11.25)
(7.5 2 11.25)
(10 2 11.25)
(-10 5 11.25)
(-7.5 5 11.25)
(-5 5 11.25)
(-2.5 5 11.25)
(0 5 11.25)
(2.5 5 11.25)
(5 5 11.25)
(7.5 5 11.25)
(10 5 11.25)
(-10 8 11.25)
(-7.5 8 11.25)
(-5 8 11.25)
(-2.5 8 11.25)
(0 8 11.25)
(2.5 8 11.25)
(5 8 11.25)
(7.5 8 11.25)
(10 8 11.25)
(-10 11 11.25)
(-7.5 11 11.25)
(-5 11 11.25)
(-2.5 11 11.25)
(0 11 11.25)
(2.5 11 11.25)
(5 11 11.25)
(7.5 11 11.25)
(10 11 11.25)
(-10 14 11.25)
(-7.5 14 11.25)
(-5 14 11.25)
(-2.5 14 11.25)
(0 14 11.25)
(2.5 14 11.25)
(5 14 11.25)
(7.5 14 11.25)
(10 14 11.25)
(-10 17 11.25)
(-7.5 17 11.25)
(-5 17 11.25)
(-2.5 17 11.25)
(0 17 11.25)
(2.5 17 11.25)
(5 17 11.25)
(7.5 17 11.25)
(10 17 11.25)
(-10 20 11.25)
(-7.5 20 11.25)
(-5 20 11.25)
(-2.5 20 11.25)
(0 20 11.25)
(2.5 20 11.25)
(5 20 11.25)
(7.5 20 11.25)
(10 20 11.25)
(-10 -40 15)
(-7.5 -40 15)
(-5 -40 15)
(-2.5 -40 15)
(0 -40 15)
(2.5 -40 15)
(5 -40 15)
(7.5 -40 15)
(10 -40 15)
(-10 -37 15)
(-7.5 -37 15)
(-5 -37 15)
(-2.5 -37 15)
(0 -37 15)
(2.5 -37 15)
(5 -37 15)
(7.5 -37 15)
(10 -37 15)
(-10 -34 15)
(-7.5 -34 15)
(-5 -34 15)
(-2.5 -34 15)
(0 -34 15)
(2.5 -34 15)
(5 -34 15)
(7.5 -34 15)
(10 -34 15)
(-10 -31 15)
(-7.5 -31 15)
(-5 -31 15)
(-2.5 -31 15)
(0 -31 15)
(2.5 -31 15)
(5 -31 15)
(7.5 -31 15)
(10 -31 15)
(-10 -28 15)
(-7.5 -28 15)
(-5 -28 15)
(-2.5 -28 15)
(0 -28 15)
(2.5 -28 15)
(5 -28 15)
(7.5 -28 15)
(10 -28 15)
(-10 -25 15)
(-7.5 -25 15)
(-5 -25 15)
(-2.5 -25 15)
(0 -25 15)
(2.5 -25 15)
(5 -25 15)
(7.5 -25 15)
(10 -25 15)
(-10 -22 15)
(-7.5 -22 15)
(-5 -22 15)
(-2.5 -22 15)
(0 -22 15)
(2.5 -22 15)
(5 -22 15)
(7.5 -22 15)
(10 -22 15)
(-10 -19 15)
(-7.5 -19 15)
(-5 -19 15)
(-2.5 -19 15)
(0 -19 15)
(2.5 -19 15)
(5 -19 15)
(7.5 -19 15)
(10 -19 15)
(-10 -16 15)
(-7.5 -16 15)
(-5 -16 15)
(-2.5 -16 15)
(0 -16 15)
(2.5 -16 15)
(5 -16 15)
(7.5 -16 15)
(10 -16 15)
(-10 -13 15)
(-7.5 -13 15)
(-5 -13 15)
(-2.5 -13 15)
(0 -13 15)
(2.5 -13 15)
(5 -13 15)
(7.5 -13 15)
(10 -13 15)
(-10 -10 15)
(-7.5 -10 15)
(-5 -10 15)
(-2.5 -10 15)
(0 -10 15)
(2.5 -10 15)
(5 -10 15)
(7.5 -10 15)
(10 -10 15)
(-10 -7 15)
(-7.5 -7 15)
(-5 -7 15)
(-2.5 -7 15)
(0 -7 15)
(2.5 -7 15)
(5 -7 15)
(7.5 -7 15)
(10 -7 15)
(-10 -4 15)
(-7.5 -4 15)
(-5 -4 15)
(-2.5 -4 15)
(0 -4 15)
(2.5 -4 15)
(5 -4 15)
(7.5 -4 15)
(10 -4 15)
(-10 -1 15)
(-7.5 -1 15)
(-5 -1 15)
(-2.5 -1 15)
(0 -1 15)
(2.5 -1 15)
(5 -1 15)
(7.5 -1 15)
(10 -1 15)
(-10 2 15)
(-7.5 2 15)
(-5 2 15)
(-2.5 2 15)
(0 2 15)
(2.5 2 15)
(5 2 15)
(7.5 2 15)
(10 2 15)
(-10 5 15)
(-7.5 5 15)
(-5 5 15)
(-2.5 5 15)
(0 5 15)
(2.5 5 15)
(5 5 15)
(7.5 5 15)
(10 5 15)
(-10 8 15)
(-7.5 8 15)
(-5 8 15)
(-2.5 8 15)
(0 8 15)
(2.5 8 15)
(5 8 15)
(7.5 8 15)
(10 8 15)
(-10 11 15)
(-7.5 11 15)
(-5 11 15)
(-2.5 11 15)
(0 11 15)
(2.5 11 15)
(5 11 15)
(7.5 11 15)
(10 11 15)
(-10 14 15)
(-7.5 14 15)
(-5 14 15)
(-2.5 14 15)
(0 14 15)
(2.5 14 15)
(5 14 15)
(7.5 14 15)
(10 14 15)
(-10 17 15)
(-7.5 17 15)
(-5 17 15)
(-2.5 17 15)
(0 17 15)
(2.5 17 15)
(5 17 15)
(7.5 17 15)
(10 17 15)
(-10 20 15)
(-7.5 20 15)
(-5 20 15)
(-2.5 20 15)
(0 20 15)
(2.5 20 15)
(5 20 15)
(7.5 20 15)
(10 20 15)
)


// ************************************************************************* //
