/*--------------------------------*- C++ -*----------------------------------*\
| =========                 |                                                 |
| \\      /  F ield         | OpenFOAM: The Open Source CFD Toolbox           |
|  \\    /   O peration     | Version:  2206                                  |
|   \\  /    A nd           | Website:  www.openfoam.com                      |
|    \\/     M anipulation  |                                                 |
\*---------------------------------------------------------------------------*/
FoamFile
{
    version     2.0;
    format      ascii;
    arch        "LSB;label=32;scalar=64";
    class       volScalarField;
    location    "3";
    object      thicknessFraction;
}
// * * * * * * * * * * * * * * * * * * * * * * * * * * * * * * * * * * * * * //

dimensions      [0 0 0 0 0 0 0];

internalField   uniform 0;

boundaryField
{
    movingWall
    {
        type            fixedValue;
        value           uniform 0;
    }
    front
    {
        type            fixedValue;
        value           uniform 0;
    }
    back
    {
        type            fixedValue;
        value           uniform 0;
    }
    fuselage
    {
        type            fixedValue;
        value           nonuniform List<scalar> 
6561
(
0
0
0
0
0
0
0
0
0
0
0
0
0
0
0
0
0
0
0
0
0
0
0
0
0
0
0
0
0
0
0
0
0
0
0
0
0
0
0
0
0
0
0
0
0
0
0
0
0
0
0
0
0
0
0
0
0
0
0
0
0
0
0
0
0
0
0
0
0
0
0
0
0
0
0
0
0
0
0
0
0
0
0
0
0
0
0
0
0
0
0
0
0
0
0
0
0
0
0
0
0
0
0
0
0
0
0
0
0
0
0
0
0
0
0
0
0
0
0
0
0
0
0
0
0
0
0
0
0
0
0
0
0
0
0
0
0
0
0
0
0
0
0
0
0
0
0
0
0
0
0
0
0
0
0
0
0
0
0
0
0
0
0
0
0
0
0
0
0
0
0
0
0
0
0
0
0
0
0
0
0
0
0
0
0
0
0
0
0
0
0
0
0
0
0
0
0
0
0
0
0
0
0
0
0
0
0
0
0
0
0
0
0
0
0
0
0
0
0
0
0
0
0
0
0
0
0
0
0
0
0
0
0
0
0
0
0
0
0
0
0
0
0
0
0
0
0
0
0
0
0
0
0
0
0
0
0
0
0
0
0
0
0
0
0
0
0
0
0
0
0
0
0
0
0
0
0
0
0
0
0
0
0
0
0
0
0
0
0
0
0
0
0
0
0
0
0
0
0
0
0
0
0
0
0
0
0
0
0
0
0
0
0
0
0
0
0
0
0
0
0
0
0
0
0
0
0
0
0
0
0
0
0
0
0
0
0
0
0
0
0
0
0
0
0
0
0
0
0
0
0
0
0
0
0
0
0
0
0
0
0
0
0
0
0
0
0
0
0
0
0
0
0
0
0
0
0
0
0
0
0
0
0
0
0
0
0
0
0
0
0
0
0
0
0
0
0
0
0
0
0
0
0
0
0
0
0
0
0
0
0
0
0
0
0
0
0
0
0
0
0
0
0
0
0
0
0
0
0
0
0
0
0
0
0
0
0
0
0
0
0
0
0
0
0
0
0
0
0
0
0
0
0
0
0
0
0
0
0
0
0
0
0
0
0
0
0
0
0
0
0
0
0
0
0
0
0
0
0
0
0
0
0
0
0
0
0
0
0
0
0
0
0
0
0
0
0
0
0
0
0
0
0
0
0
0
0
0
0
0
0
0
0
0
0
0
0
0
0
0
0
0
0
0
0
0
0
0
0
0
0
0
0
0
0
0
0
0
0
0
0
0
0
0
0
0
0
0
0
0
0
0
0
0
0
0
0
0
0
0
0
0
0
0
0
0
0
0
0
0
0
0
0
0
0
0
0
0
0
0
0
0
0
0
0
0
0
0
0
0
0
0
0
0
0
0
0
0
0
0
0
0
0
0
0
0
0
0
0
0
0
0
0
0
0
0
0
0
0
0
0
0
0
0
0
0
0
0
0
0
0
0
0
0
0
0
0
0
0
0
0
0
0
0
0
0
0
0
0
0
0
0
0
0
0
0
0
0
0
0
0
0
0
0
0
0
0
0
0
0
0
0
0
0
0
0
0
0
0
0
0
0
0
0
0
0
0
0
0
0
0
0
0
0
0
0
0
0
0
0
0
0
0
0
0
0
0
0
0
0
0
0
0
0
0
0
0
0
0
0
0
0
0
0
0
0
0
0
0
0
0
0
0
0
0
0
0
0
0
0
0
0
0
0
0
0
0
0
0
0
0
0
0
0
0
0
0
0
0
0
0
0
0
0
0
0
0
0
0
0
0
0
0
0
0
0
0
0
0
0
0
0
0
0
0
0
0
0
0
0
0
0
0
0
0
0
0
0
0
0
0
0
0
0
0
0
0
0
0
0
0
0
0
0
0
0
0
0
0
0
0
0
0
0
0
0
0
0
0
0
0
0
0
0
0
0
0
0
0
0
0
0
0
0
0
0
0
0
0
0
0
0
0
0
0
0
0
0
0
0
0
0
0
0
0
0
0
0
0
0
0
0
0
0
0
0
0
0
0
0
0
0
0
0
0
0
0
0
0
0
0
0
0
0
0
0
0
0
0
0
0
0
0
0
0
0
0
0
0
0
0
0
0
0
0
0
0
0
0
0
0
0
0
0
0
0
0
0
0
0
0
0
0
0
0
0
0
0
0
0
0
0
0
0
0
0
0
0
0
0
0
0
0
0
0
0
0
0
0
0
0
0
0
0
0
0
0
0
0
0
0
0
0
0
0
0
0
0
0
0
0
0
0
0
0
0
0
0
0
0
0
0
0
0
0
0
0
0
0
0
0
0
0
0
0
0
0
0
0
0
0
0
0
0
0
0
0
0
0
0
0
0
0
0
0
0
0
0
0
0
0
0
0
0
0
0
0
0
0
0
0
0
0
0
0
0
0
0
0
0
0
0
0
0
0
0
0
0
0
0
0
0
0
0
0
0
0
0
0
0
0
0
0
0
0
0
0
0
0
0
0
0
0
0
0
0
0
0
0
0
0
0
0
0
0
0
0
0
0
0
0
0
0
0
0
0
0
0
0
0
0
0
0
0
0
0
0
0
0
0
0
0
0
0
0
0
0
0
0
0
0
0
0
0
0
0
0
0
0
0
0
0
0
0
0
0
0
0
0
0
0
0
0
0
0
0
0
0
0
0
0
0
0
0
0
0
0
0
0
0
0
0
0
0
0
0
0
0
0
0
0
0
0
0
0
0
0
0
0
0
0
0
0
0
0
0
0
0
0
0
0
0
0
0
0
0
0
0
0
0
0
0
0
0
0
0
0
0
0
0
0
0
0
0
0
0
0
0
0
0
0
0
0
0
0
0
0
0
0
0
0
0
0
0
0
0
0
0
0
0
0
0
0
0
0
0
0
0
0
0
0
0
0
0
0
0
0
0
0
0
0
0
0
0
0
0
0
0
0
0
0
0
0
0
0
0
0
0
0
0
0
0
0
0
0
0
0
0
0
0
0
0
0
0
0
0
0
0
0
0
0
0
0
0
0
0
0
0
0
0
0
0
0
0
0
0
0
0
0
0
0
0
0
0
0
0
0
0
0
0
0
0
0
0
0
0
0
0
0
0
0
0
0
0
0
0
0
0
0
0
0
0
0
0
0
0
0
0
0
0
0
0
0
0
0
0
0
0
0
0
0
0
0
0
0
0
0
0
0
0
0
0
0
0
0
0
0
0
0
0
0
0
0
0
0
0
0
0
0
0
0
0
0
0
0
0
0
0
0
0
0
0
0
0
0
0
0
0
0
0
0
0
0
0
0
0
0
0
0
0
0
0
0
0
0
0
0
0
0
0
0
0
0
0
0
0
0
0
0
0
0
0
0
0
0
0
0
0
0
0
0
0
0
0
0
0
0
0
0
0
0
0
0
0
0
0
0
0
0
0
0
0
0
0
0
0
0
0
0
0
0
0
0
0
0
0
0
0
0
0
0
0
0
0
0
0
0
0
0
0
0
0
0
0
0
0
0
0
0
0
0
0
0
0
0
0
0
0
0
0
0
0
0
0
0
0
0
0
0
0
0
0
0
0
0
0
0
0
0
0
0
0
0
0
0
0
0
0
0
0
0
0
0
0
0
0
0
0
0
0
0
0
0
0
0
0
0
0
0
0
0
0
0
0
0
0
0
0
0
0
0
0
0
0
0
0
0
0
0
0
0
0
0
0
0
0
0
0
0
0
0
0
0
0
0
0
0
0
0
0
0
0
0
0
0
0
0
0
0
0
0
0
0
0
0
0
0
0
0
0
0
0
0
0
0
0
0
0
0
0
0
0
0
0
0
0
0
0
0
0
0
0
0
0
0
0
0
0
0
0
0
0
0
0
0
0
0
0
0.835903
0.835092
0.707669
0.706408
0.942337
0.966482
0.615776
0.689578
0.590329
0.537996
0.460977
0.58811
0.575836
0.552558
0.583738
0.604262
0.138451
0.588091
0.576827
0.554906
0.590253
0.537497
0.460856
0.590123
0.577977
0.590019
0.740663
0.699094
0.5881
0.588044
0.587865
0.588027
0.632439
0.585159
0.587773
0.587846
0.587782
0.735622
0.510915
0.115805
0.753609
0.991207
0.699433
0.745269
0.281719
0.17257
0.77582
0.594362
0.587811
0.587905
0.587815
0.991493
0.744083
0.588085
0.588041
0.587922
0.588026
0.700681
0.589946
0.57798
0.740626
0.342392
0.280384
0.741012
0.67523
0.739467
0.725699
0.648333
0.737077
0.739213
0.992382
0.992507
0.940878
0.345959
0.739266
0.739218
0.691564
0.741568
0.739241
0.942205
0.434208
0.992442
0.992507
0.739312
0.739245
0.739457
0.726388
0.740973
0.674921
0.171425
0.566299
0.629366
0.739461
0.739412
0.73928
0.7394
0.175768
0.523752
0.476182
0.739453
0.73941
0.739325
0.739399
0.590673
0.589794
0.588106
0.587981
0.536044
0.451758
0.3941
0.255606
0.561865
0.469172
0.588087
0.587993
0.590531
0.589634
0.214768
0.575351
0.547999
0.675795
0.588074
0.588066
0.587937
0.587962
0.223734
0.587465
0.587653
0.587809
0.587801
0.671193
0.566406
0.652917
0.0673943
0.246381
0.360802
0.205428
0.151916
0.686675
0.579484
0.419737
0.249394
0.599145
0.058212
0.243254
0.055958
0.588124
0.587911
0.587853
0.587839
0.588064
0.588057
0.587966
0.58798
0.57527
0.547986
0.675795
0.945618
0.945051
0.945979
0.945053
0.55526
0.587247
0.235795
0.257914
0.590564
0.573025
0.323789
0.58812
0.584681
0.503694
0.582125
0.109914
0.137868
0.628062
0.114661
0.0988864
0.588096
0.585043
0.508537
0.59045
0.572603
0.324483
0.0694783
0.672872
0.589175
0.40452
0.717378
0.467185
0.588091
0.588056
0.587887
0.588007
0.221489
0.425874
0.586299
0.58776
0.587831
0.587788
0.559039
0.060226
0.467835
0.590281
0.587814
0.587887
0.587821
0.588078
0.588051
0.587938
0.58801
0.589074
0.404539
0.67382
0.717329
0.467207
0.741113
0.739979
0.890275
0.739455
0.739324
0.738963
0.739117
0.739238
0.739232
0.739341
0.739274
0.739273
0.739263
0.739445
0.739335
0.911253
0.741026
0.73988
0.34737
0.739443
0.739436
0.739334
0.739352
0.739439
0.739433
0.739356
0.739366
0.590734
0.585948
0.119218
0.588124
0.587344
0.417069
0.572805
0.307795
0.54193
0.084136
0.620146
0.319664
0.588098
0.58745
0.425732
0.590589
0.585691
0.119791
0.585954
0.492961
0.54027
0.796191
0.588083
0.588062
0.587912
0.587985
0.587055
0.58773
0.587819
0.587794
0.180011
0.0639779
0.91331
0.653716
0.82805
0.771389
0.717923
0.849094
0.908898
0.192362
0.0664169
0.365114
0.444031
0.0730951
0.0599355
0.120176
0.278597
0.778973
0.276544
0.708738
0.326558
0.741192
0.854135
0.337466
0.11452
0.433417
0.251856
0.0754512
0.588706
0.587836
0.587869
0.587829
0.588071
0.588054
0.587952
0.587994
0.545364
0.585837
0.492998
0.758444
0.753976
0.296745
0.739775
0.597575
0.742311
0.946555
0.964362
0.746505
0.753919
0.579133
0.470277
0.573345
0.470034
0.946554
0.964361
0.597709
0.742351
0.296743
0.739806
0.824675
0.953071
0.870211
0.942889
0.748294
0.771072
0.765171
0.924723
0.850804
0.844753
0.87185
0.897599
0.954292
0.925043
0.748503
0.771073
0.606958
0.677475
0.619382
0.791629
0.963653
0.616711
0.618543
0.556699
0.791632
0.963651
0.0698107
0.387228
0.403113
0.743753
0.524367
0.701582
0.739326
0.701583
0.939361
0.633622
0.829806
0.911114
0.691323
0.642114
0.170291
0.570736
0.703498
0.732246
0.936631
0.930409
0.18365
0.352974
0.714292
0.99995
0.969942
0.999824
0.952852
0.960374
0.999215
0.701652
0.753586
0.935769
0.190055
0.622251
0.863971
0.977962
0.99995
0.999895
0.967593
0.973581
0.99957
0.911536
0.691316
0.645222
0.403627
0.143477
0.743471
0.524396
0.739267
0.939362
0.936341
0.633642
0.829808
0.494906
0.204896
0.318999
0.362024
0.790843
0.149741
0.490371
0.2004
0.318583
0.345724
0.771834
0.137037
0.38817
0.54833
0.355685
0.769693
0.697185
0.891634
0.728787
0.797705
0.70144
0.741183
0.7013
0.940017
0.940146
0.719095
0.862342
0.620955
0.791007
0.882274
0.706703
0.739473
0.939606
0.939608
0.930105
0.735665
0.390358
0.58251
0.409236
0.204483
0.584577
0.627394
0.348164
0.266928
0.750136
0.536297
0.785436
0.152299
0.704349
0.738016
0.938326
0.739203
0.706625
0.93951
0.939506
0.999951
0.992711
0.999951
0.992614
0.999951
0.999951
0.679835
0.169276
0.492256
0.0430547
0.109176
0.706667
0.739255
0.706663
0.939529
0.939525
0.739223
0.70665
0.939512
0.784789
0.494147
0.913026
0.764172
0.834705
0.327505
0.757503
0.703603
0.938059
0.740061
0.938916
0.739241
0.706641
0.939521
0.700223
0.186862
0.539331
0.105118
0.142134
0.999951
0.992711
0.999951
0.992615
0.999951
0.999951
0.706668
0.739298
0.706663
0.939548
0.739249
0.939522
0.706677
0.73946
0.706682
0.939606
0.930311
0.735921
0.701609
0.729031
0.797728
0.741115
0.701265
0.940017
0.940136
0.71881
0.862049
0.620982
0.791011
0.882281
0.739454
0.939604
0.739421
0.939583
0.706672
0.739297
0.706677
0.939535
0.7067
0.739386
0.939579
0.739449
0.706675
0.939605
0.739419
0.706691
0.706688
0.939582
0.739336
0.939553
0.939557
0.706692
0.739387
0.939578
0.939574
0.143895
0.141621
0.101753
0.32238
0.107125
0.594107
0.687775
0.81252
0.97704
0.996816
0.977063
0.996815
0.977501
0.996824
0.996861
0.97716
0.976991
0.996827
0.996825
0.976977
0.976943
0.996824
0.99682
0.97696
0.411587
0.106254
0.385976
0.719029
0.28425
0.52059
0.12615
0.0539558
0.341777
0.396877
0.727638
0.502397
0.340685
0.434081
0.287292
0.305573
0.327184
0.78421
0.512246
0.102507
0.976984
0.996827
0.97697
0.996825
0.976937
0.996824
0.99682
0.976954
0.594146
0.687768
0.812525
0.97703
0.996814
0.996813
0.977055
0.977495
0.996823
0.99686
0.977153
0.946409
0.945725
0.946418
0.945733
0.179337
0.292322
0.0747401
0.49598
0.953141
0.7226
0.317895
0.28697
0.112219
0.510336
0.477003
0.495163
0.464766
0.494962
0.536609
0.466922
0.173036
0.101932
0.312054
0.486422
0.146965
0.734067
0.892141
0.700786
0.925205
0.5019
0.468053
0.339197
0.450118
0.517396
0.807467
0.619391
0.509311
0.476858
0.496907
0.539002
0.470643
0.172891
0.10159
0.311295
0.485998
0.147338
0.192996
0.733994
0.697332
0.89213
0.700736
0.925189
0.52718
0.527048
0.520238
0.52231
0.508636
0.508772
0.511158
0.510583
0.508606
0.508749
0.511228
0.510782
0.741272
0.70104
0.939912
0.735193
0.69582
0.938653
0.739475
0.706732
0.706719
0.939595
0.939607
0.992578
0.999279
0.992579
0.999279
0.738628
0.706724
0.939515
0.99257
0.999278
0.999278
0.992579
0.519175
0.517903
0.517011
0.516793
0.526599
0.529702
0.524264
0.527106
0.738627
0.939394
0.939235
0.739179
0.706515
0.939467
0.739246
0.706657
0.939519
0.992581
0.99928
0.99928
0.992581
0.739227
0.706655
0.706653
0.939517
0.992581
0.99928
0.99928
0.992581
0.739525
0.706385
0.939438
0.939284
0.739249
0.706608
0.939495
0.739285
0.706657
0.70666
0.939533
0.992581
0.99928
0.992581
0.99928
0.739255
0.706655
0.706653
0.93953
0.992581
0.99928
0.99928
0.992581
0.523928
0.523038
0.513321
0.515858
0.73946
0.706704
0.70669
0.939595
0.992577
0.999279
0.992578
0.999279
0.738705
0.706698
0.706503
0.939521
0.992569
0.999278
0.999278
0.992578
0.741183
0.699977
0.700985
0.939896
0.940126
0.735022
0.68148
0.93863
0.739449
0.706698
0.706697
0.939599
0.939601
0.992579
0.99928
0.99928
0.992579
0.739429
0.706699
0.939596
0.99258
0.99928
0.992579
0.99928
0.739315
0.939555
0.939548
0.992581
0.99928
0.992581
0.99928
0.73937
0.706695
0.939562
0.992581
0.99928
0.992581
0.99928
0.739444
0.706677
0.706675
0.939601
0.939603
0.992577
0.99928
0.992577
0.99928
0.739426
0.939598
0.992579
0.99928
0.992578
0.99928
0.739346
0.939564
0.939561
0.992581
0.99928
0.99928
0.992581
0.739376
0.70669
0.939567
0.992581
0.99928
0.992581
0.99928
0.61476
0.647548
0.579053
0.72322
0.579061
0.719398
0.331652
0.999274
0.992762
0.999319
0.992489
0.999293
0.999292
0.930635
0.740317
0.723105
0.934215
0.744701
0.735651
0.99928
0.99277
0.999319
0.992489
0.999293
0.999292
0.331746
0.651183
0.947139
0.748732
0.750996
0.944919
0.740417
0.740165
0.750029
0.947212
0.751309
0.944923
0.740433
0.740191
0.724425
0.696991
0.414155
0.704477
0.696985
0.414161
0.962388
0.3481
0.964508
0.362316
0.362985
0.962386
0.348097
0.964506
0.362313
0.36298
0.750552
0.751846
0.750684
0.751918
0.433127
0.741629
0.455293
0.915909
0.942177
0.357293
0.322024
0.395679
0.915905
0.942173
0.357285
0.322005
0.700137
0.507882
0.917949
0.97064
0.708432
0.640883
0.412124
0.841701
0.591745
0.666877
0.57725
0.146669
0.643404
0.42029
0.992795
0.999315
0.999323
0.992539
0.999306
0.999298
0.291454
0.282223
0.544814
0.54987
0.586815
0.563932
0.294764
0.292111
0.992796
0.999315
0.999323
0.992539
0.999306
0.999298
0.543608
0.521116
0.465867
0.591806
0.666907
0.580713
0.947071
0.74619
0.74943
0.296176
0.297257
0.293132
0.295787
0.945223
0.743227
0.741283
0.288535
0.288398
0.290766
0.289256
0.297166
0.297505
0.947086
0.746237
0.749515
0.293172
0.295858
0.94523
0.743267
0.741317
0.288549
0.28842
0.290799
0.289284
0.704704
0.694554
0.301428
0.704672
0.694545
0.301436
0.95091
0.74527
0.764322
0.950908
0.745277
0.764324
0.721063
0.29209
0.307332
0.292099
0.307335
0.540544
0.539453
0.68309
0.712571
0.709158
0.327641
0.684483
0.677418
0.700377
0.622648
0.677376
0.973655
0.989538
0.534132
0.171244
0.440489
0.40159
0.142856
0.164977
0.811658
0.674499
0.740004
0.725044
0.725067
0.637292
0.637317
0.376536
0.281221
0.629295
0.0555594
0.493845
0.37725
0.257308
0.501737
0.494586
0.480276
0.497596
0.239124
0.361801
0.202185
0.0843572
0.497414
0.444287
0.195839
0.374924
0.501703
0.494569
0.480267
0.493815
0.378608
0.0630457
0.197905
0.25968
0.494054
0.448379
0.587462
0.458072
0.847201
0.719377
0.929417
0.756051
0.937382
0.943833
0.749055
0.75471
0.753558
0.847836
0.723211
0.946561
0.94422
0.50173
0.501717
0.501659
0.501714
0.498483
0.501595
0.501651
0.501606
0.292408
0.460801
0.292495
0.458054
0.142973
0.0366729
0.235568
0.0891359
0.0940846
0.0786222
0.501953
0.167558
0.414389
0.291296
0.600785
0.584774
0.536581
0.729086
0.49193
0.498611
0.501598
0.501651
0.501608
0.501698
0.501704
0.501659
0.501703
0.94659
0.944234
0.92943
0.755975
0.937389
0.943843
0.749137
0.754619
0.753662
0.847874
0.494029
0.11822
0.389703
0.448366
0.614758
0.701579
0.58746
0.647585
0.458061
0.847233
0.0290051
0.119357
0.0366153
0.282772
0.138759
0.0546343
0.897109
0.970518
0.346324
0.551179
0.559074
0.651135
0.946798
0.701622
0.952978
0.908733
0.9739
0.114386
0.706639
0.706646
0.706647
0.94684
0.952978
0.701433
0.552729
0.559075
0.0346846
0.468846
0.402883
0.7067
0.958701
0.706701
0.995036
0.992734
0.995137
0.360109
0.344225
0.706675
0.958702
0.995036
0.706672
0.992733
0.995137
0.492403
0.488915
0.501789
0.501779
0.495966
0.477008
0.224955
0.502334
0.497752
0.224228
0.501747
0.50174
0.492312
0.488861
0.0588697
0.125655
0.0282958
0.123996
0.3213
0.327254
0.488136
0.474873
0.0431144
0.799758
0.957926
0.766216
0.766464
0.778108
0.766616
0.978395
0.978605
0.973656
0.97852
0.910188
0.891501
0.907973
0.978228
0.976975
0.941512
0.97578
0.765971
0.767745
0.902635
0.776488
0.974065
0.982522
0.998003
0.986796
0.501721
0.501721
0.501685
0.501694
0.331574
0.501181
0.501425
0.501629
0.501624
0.27775
0.687757
0.974069
0.790015
0.652934
0.643504
0.899497
0.440078
0.0650171
0.579559
0.459434
0.646152
0.694673
0.983876
0.877182
0.261083
0.684159
0.78484
0.933148
0.709034
0.537428
0.373282
0.844198
0.671927
0.478659
0.591366
0.208444
0.273122
0.983967
0.927056
0.501289
0.50148
0.501629
0.501624
0.322666
0.501694
0.501696
0.501681
0.501688
0.980851
0.997994
0.986212
0.978358
0.978561
0.97364
0.978475
0.892713
0.889958
0.908093
0.89034
0.978197
0.977165
0.976327
0.976801
0.779185
0.903625
0.975196
0.941171
0.488067
0.474851
0.202704
0.0437108
0.799765
0.957924
0.769445
0.766305
0.778118
0.766556
0.121564
0.715546
0.7362
0.695784
0.602068
0.590983
0.706732
0.600119
0.747291
0.737752
0.0757108
0.194592
0.823803
0.993669
0.265354
0.928987
0.747407
0.737815
0.715542
0.736248
0.695794
0.601927
0.591094
0.706593
0.599955
0.0690974
0.13057
0.17962
0.590566
0.602427
0.493636
0.445805
0.0916482
0.501749
0.499964
0.450222
0.499763
0.359039
0.241425
0.176128
0.499842
0.499539
0.476531
0.236911
0.081718
0.287074
0.50171
0.499939
0.450221
0.493566
0.446282
0.0930552
0.596416
0.464193
0.515451
0.428113
0.624338
0.267326
0.753264
0.494049
0.395675
0.998417
0.69737
0.98328
0.306643
0.632388
0.922439
0.909971
0.889031
0.888986
0.894195
0.900488
0.995729
0.837569
0.99665
0.887775
0.887765
0.887887
0.797215
0.996384
0.996545
0.995121
0.942111
0.988835
0.942572
0.99517
0.988874
0.989464
0.751468
0.996099
0.887783
0.887766
0.888174
0.888291
0.752527
0.996372
0.996259
0.888874
0.888933
0.888501
0.888402
0.99976
0.945628
0.998208
0.945288
0.995796
0.997556
0.501726
0.50172
0.501668
0.501709
0.0768537
0.545915
0.440097
0.499749
0.501574
0.501643
0.501614
0.844059
0.282914
0.427161
0.670868
0.171352
0.221374
0.0560992
0.0877292
0.0906746
0.243402
0.328996
0.039057
0.70551
0.671691
0.558341
0.338708
0.171599
0.0737477
0.38347
0.567194
0.264468
0.991632
0.664454
0.736772
0.507389
0.755579
0.499967
0.501583
0.501643
0.501614
0.585702
0.464627
0.501695
0.501702
0.501667
0.501699
0.999758
0.945658
0.998057
0.945319
0.991276
0.997102
0.995735
0.837604
0.996651
0.887809
0.88779
0.88792
0.797243
0.996385
0.996547
0.995128
0.942109
0.98882
0.942573
0.989548
0.988706
0.75162
0.996195
0.996247
0.887788
0.88778
0.752631
0.996371
0.996281
0.888149
0.88826
0.888843
0.8889
0.888463
0.888366
0.493988
0.395677
0.622122
0.269007
0.750968
0.998417
0.983279
0.30665
0.632393
0.922444
0.90997
0.888996
0.88895
0.894189
0.900485
0.0883044
0.0950129
0.221478
0.277201
0.129784
0.370944
0.600523
0.598033
0.598551
0.597155
0.517888
0.518195
0.519914
0.518547
0.517877
0.518198
0.518676
0.518605
0.700022
0.998384
0.994672
0.888717
0.990558
0.999321
0.99932
0.998951
0.999319
0.599369
0.598251
0.598317
0.598082
0.599112
0.58791
0.551756
0.576885
0.706334
0.990376
0.999218
0.999321
0.999308
0.999322
0.999322
0.999322
0.999322
0.993892
0.999273
0.999322
0.706547
0.999316
0.999322
0.999322
0.999322
0.999322
0.582909
0.557849
0.520992
0.545816
0.999321
0.99932
0.99895
0.999319
0.998384
0.99467
0.887689
0.69582
0.990542
0.999321
0.999322
0.999323
0.999322
0.706686
0.999322
0.999322
0.706691
0.999323
0.999322
0.999321
0.999322
0.70668
0.999322
0.999323
0.706684
0.999322
0.999322
0.706687
0.999322
0.999322
0.493331
0.477291
0.501766
0.50149
0.397266
0.501992
0.436244
0.503148
0.490622
0.501725
0.501457
0.39727
0.493232
0.47736
0.0405025
0.0780351
0.117896
0.182528
0.150014
0.0611479
0.145112
0.149004
0.127314
0.14907
0.151513
0.0941475
0.146628
0.492908
0.446477
0.053258
0.0183863
0.88908
0.889196
0.890917
0.889606
0.887791
0.887812
0.9768
0.898937
0.978508
0.996815
0.899853
0.996816
0.976797
0.976805
0.996825
0.901289
0.97857
0.900671
0.97681
0.996819
0.976828
0.894251
0.976776
0.996851
0.898979
0.996848
0.976832
0.887861
0.887835
0.976822
0.996833
0.978084
0.901471
0.900905
0.996842
0.976816
0.976882
0.996862
0.996858
0.976914
0.976869
0.996855
0.976861
0.996856
0.976842
0.996852
0.976837
0.996852
0.976847
0.996854
0.996853
0.976854
0.887821
0.887881
0.976799
0.897684
0.996814
0.977955
0.895916
0.976796
0.996813
0.976805
0.996813
0.889681
0.977563
0.893333
0.976816
0.996813
0.976868
0.789123
0.963083
0.996815
0.848985
0.996815
0.976889
0.888063
0.887964
0.976848
0.996814
0.972442
0.884323
0.87424
0.996814
0.97683
0.888813
0.888746
0.888591
0.888673
0.977393
0.896458
0.996877
0.977443
0.901972
0.977027
0.996929
0.978336
0.997388
0.916645
0.979756
0.907345
0.98021
0.997078
0.633435
0.922747
0.986485
0.997868
0.991801
0.934444
0.957207
0.998418
0.983069
0.501723
0.501721
0.501677
0.501702
0.0540997
0.500668
0.501529
0.501636
0.501619
0.181642
0.925294
0.701346
0.887944
0.88154
0.883698
0.948927
0.0856792
0.635225
0.283012
0.238772
0.577779
0.270729
0.59756
0.381644
0.142896
0.350447
0.178597
0.577722
0.228269
0.0688672
0.700066
0.909239
0.900907
0.875699
0.899512
0.930382
0.957573
0.282971
0.779707
0.404228
0.512776
0.458607
0.344343
0.914578
0.749021
0.805242
0.941818
0.316543
0.617242
0.11774
0.369138
0.500845
0.501554
0.501635
0.501619
0.501693
0.501699
0.501674
0.501694
0.977394
0.996877
0.996929
0.977029
0.978338
0.997388
0.914309
0.975663
0.901508
0.980211
0.997078
0.796762
0.922749
0.633439
0.986485
0.997868
0.991618
0.933503
0.956871
0.998418
0.983069
0.887832
0.887855
0.976806
0.898544
0.978463
0.996815
0.89941
0.996817
0.976801
0.976811
0.996826
0.900719
0.978533
0.90013
0.976817
0.99682
0.976833
0.89389
0.976751
0.996851
0.898501
0.996848
0.976836
0.8879
0.887878
0.976829
0.996834
0.978049
0.900977
0.900471
0.996842
0.976823
0.976882
0.996862
0.976915
0.996858
0.976869
0.996855
0.97686
0.996856
0.976842
0.996852
0.976839
0.996852
0.976847
0.996853
0.996853
0.976853
0.976799
0.897419
0.996814
0.977928
0.895851
0.976798
0.996813
0.887818
0.887873
0.976804
0.996813
0.977579
0.890398
0.893446
0.996813
0.976814
0.976864
0.886119
0.976597
0.996815
0.887004
0.996815
0.976885
0.888043
0.88795
0.976845
0.996814
0.976637
0.887628
0.886661
0.996814
0.976828
0.888781
0.888714
0.888554
0.888638
0.492819
0.446484
0.0537558
0.0184614
0.889048
0.889167
0.890903
0.889584
0.718633
0.679903
0.288462
0.132194
0.287866
0.131777
0.0335732
0.109267
0.174238
0.142924
0.21067
0.363822
0.0433779
0.156881
0.259859
0.125973
0.263017
0.80183
0.88817
0.263025
0.0555581
0.156891
0.259877
0.12598
0.44626
0.86932
0.801996
0.893228
0.0587379
0.174315
0.212633
0.0716531
0.185918
0.142069
0.341353
0.621646
0.6084
0.716001
0.955446
0.985162
0.93635
0.947579
0.947571
0.60532
0.704795
0.99225
0.990123
0.951036
0.804373
0.95067
0.831807
0.70841
0.95086
0.950855
0.988006
0.989611
0.91173
0.708389
0.948027
0.647102
0.929265
0.992143
0.985825
0.962859
0.7604
0.948627
0.720625
0.827038
0.725512
0.830351
0.961849
0.950014
0.994614
0.991202
0.959597
0.940399
0.961521
0.994272
0.991718
0.994138
0.943428
0.992275
0.958704
0.958266
0.994206
0.992183
0.959802
0.818121
0.946918
0.749131
0.819022
0.959569
0.946911
0.961088
0.754112
0.94821
0.718122
0.825373
0.82424
0.961372
0.948077
0.836713
0.981661
0.954364
0.845468
0.950786
0.95155
0.994566
0.992722
0.946278
0.96141
0.961121
0.994608
0.992679
0.869673
0.669817
0.935259
0.943379
0.994326
0.944589
0.992349
0.959117
0.959499
0.994269
0.992411
0.20717
0.732454
0.786849
0.0821832
0.198449
0.939843
0.703655
0.945163
0.46242
0.475262
0.239263
0.410875
0.163865
0.59575
0.579305
0.558006
0.292607
0.434634
0.710523
0.719761
0.827102
0.627719
0.643278
0.854791
0.170816
0.147425
0.700929
0.928645
0.917833
0.931387
0.652487
0.36252
0.751687
0.752699
0.195205
0.179534
0.541352
0.626918
0.543061
0.195653
0.325182
0.183993
0.541869
0.507781
0.198461
0.140611
0.563916
0.295485
0.998521
0.995964
0.982591
0.994569
0.992726
0.961432
0.946301
0.96114
0.994611
0.992683
0.870323
0.669816
0.935258
0.943376
0.994327
0.944609
0.9923
0.959119
0.9595
0.994269
0.992387
0.988009
0.989615
0.91175
0.948029
0.647109
0.929272
0.992144
0.985831
0.962904
0.760353
0.948623
0.720842
0.827183
0.830517
0.961891
0.950018
0.994615
0.991205
0.940401
0.959601
0.961523
0.994273
0.991719
0.994138
0.943436
0.992222
0.958705
0.958266
0.994207
0.992154
0.959799
0.818041
0.749221
0.947013
0.708041
0.81897
0.959559
0.946958
0.961103
0.754045
0.948201
0.718263
0.82547
0.824295
0.961402
0.94807
0.996056
0.836799
0.989733
0.845543
0.955129
0.982191
0.341851
0.623114
0.95545
0.608447
0.715976
0.985164
0.701556
0.947583
0.947584
0.605334
0.704793
0.992249
0.990124
0.804391
0.700166
0.951042
0.950657
0.831824
0.952079
0.950817
0.0903125
0.108466
0.0899076
0.0625783
0.0806942
0.189044
0.228623
0.121128
0.261793
0.188583
0.436242
0.429743
0.293869
0.150601
0.371499
0.83028
0.891012
0.446237
0.0595751
0.172571
0.770011
0.947382
0.947465
0.947522
0.64112
0.914539
0.8903
0.798214
0.990621
0.303903
0.119518
0.966056
0.999872
0.947303
0.999908
0.706709
0.949087
0.949087
0.705457
0.947271
0.937058
0.948663
0.947624
0.999913
0.999908
0.828334
0.887949
0.241762
0.0268715
0.113618
0.63526
0.629113
0.375437
0.705284
0.947304
0.93893
0.948291
0.949091
0.949096
0.949096
0.949096
0.939513
0.949098
0.949098
0.281
0.785906
0.786701
0.651138
0.705126
0.940823
0.945955
0.706631
0.939519
0.949093
0.949097
0.474559
0.939543
0.949097
0.949097
0.706651
0.939524
0.949099
0.949098
0.999872
0.947327
0.999908
0.939606
0.949078
0.949077
0.705439
0.947266
0.937139
0.948657
0.947635
0.999913
0.999908
0.76905
0.947377
0.947466
0.947533
0.641742
0.914376
0.890795
0.799301
0.99062
0.303919
0.119538
0.966057
0.14626
0.473861
0.0960422
0.30616
0.516676
0.264194
0.706698
0.939602
0.949088
0.949087
0.999919
0.986078
0.999947
0.706701
0.939586
0.949096
0.949097
0.991227
0.999951
0.99995
0.939541
0.949097
0.949097
0.706698
0.939574
0.949099
0.949098
0.999951
0.994857
0.999951
0.999951
0.995162
0.999951
0.2491
0.154367
0.939604
0.949078
0.949077
0.939586
0.949091
0.949093
0.999919
0.986078
0.999947
0.999951
0.991226
0.99995
0.706676
0.949098
0.949097
0.999951
0.994856
0.999951
0.706692
0.949097
0.949096
0.995162
0.999951
0.999951
0.252811
0.194207
0.251105
0.192752
0.281605
0.115489
0.109785
0.286693
0.130325
0.986391
0.334893
0.848973
0.997564
0.493628
0.998003
0.983037
0.653463
0.667361
0.934563
0.942375
0.989346
0.998602
0.911768
0.876335
0.733354
0.998379
0.991177
0.977033
0.30893
0.766346
0.996817
0.309025
0.996816
0.977025
0.309114
0.766411
0.309072
0.978406
0.318051
0.997197
0.769886
0.311783
0.980232
0.996968
0.767289
0.309243
0.309782
0.977004
0.30875
0.996818
0.765639
0.308497
0.977016
0.99682
0.765654
0.309878
0.308464
0.976926
0.671265
0.996816
0.849101
0.472405
0.976909
0.996817
0.801392
0.316197
0.335416
0.989505
0.986487
0.999135
0.995757
0.991386
0.975616
0.998872
0.285575
0.130963
0.0636569
0.953414
0.988227
0.940266
0.917405
0.974451
0.847891
0.977337
0.152656
0.243608
0.58274
0.492582
0.669541
0.808092
0.404155
0.449094
0.430851
0.744255
0.163209
0.662745
0.509712
0.293981
0.758385
0.783887
0.737686
0.583854
0.497894
0.53215
0.0638963
0.165312
0.379088
0.544296
0.66852
0.493859
0.240334
0.0713611
0.460989
0.335059
0.51001
0.212055
0.122823
0.84229
0.989377
0.963812
0.729361
0.907479
0.489781
0.980833
0.402238
0.267109
0.786732
0.670194
0.83596
0.433594
0.194802
0.628951
0.773685
0.0717441
0.595479
0.54485
0.208615
0.803034
0.863423
0.592439
0.565259
0.224569
0.619014
0.142117
0.115854
0.40094
0.168172
0.746957
0.282935
0.116327
0.989505
0.986488
0.999135
0.995708
0.991386
0.97554
0.998872
0.976997
0.318264
0.804741
0.996817
0.338086
0.99682
0.977007
0.666378
0.851712
0.472478
0.97692
0.881374
0.996816
0.971607
0.868802
0.976903
0.996817
0.962124
0.780699
0.840388
0.276251
0.0607581
0.205349
0.986392
0.334897
0.848975
0.997564
0.493623
0.998003
0.983037
0.653479
0.667372
0.934572
0.94238
0.989348
0.998602
0.911766
0.876331
0.733348
0.998379
0.991178
0.977023
0.31113
0.996816
0.766638
0.30917
0.977016
0.996814
0.766191
0.308989
0.308888
0.978403
0.318057
0.997197
0.769893
0.311786
0.98023
0.996967
0.767279
0.309194
0.309772
0.143385
0.10934
0.0693965
0.0592025
0.0520311
0.729518
0.731268
0.577452
0.442878
0.594865
0.596554
0.743426
0.74205
0.327717
0.0748187
0.528301
0.724036
0.627948
0.989252
0.948113
0.303496
0.673456
0.748494
0.792926
0.974129
0.861548
0.926528
0.743539
0.742169
0.729511
0.73127
0.57752
0.442899
0.595111
0.711573
0.596723
0.164273
0.112084
0.0717669
0.0597613
0.0527191
0.248558
0.538956
0.318787
0.758214
0.784003
0.0698518
0.582465
0.522625
0.404758
0.545181
0.0876172
0.151338
0.505407
0.507065
0.399613
0.480999
0.522585
0.570717
0.419754
0.344206
0.200882
0.247558
0.593198
0.786483
0.856945
0.516345
0.719813
0.790535
0.551843
0.192867
0.0871328
0.184694
0.201434
0.992302
0.99287
0.997336
0.997579
0.998658
0.992246
0.990012
0.946053
0.947308
0.998691
0.948938
0.991989
0.992247
0.99404
0.998684
0.979532
0.996401
0.999655
0.999608
0.998653
0.998545
0.999195
0.998124
0.98208
0.88039
0.969598
0.453566
0.874086
0.571469
0.904857
0.974965
0.978968
0.999416
0.996663
0.999525
0.997788
0.995851
0.996714
0.997196
0.964992
0.772004
0.96025
0.503469
0.850315
0.736256
0.83755
0.968852
0.953541
0.996404
0.999203
0.999217
0.994787
0.992739
0.994633
0.992943
0.999316
0.996452
0.999251
0.995124
0.994478
0.995754
0.993476
0.999673
0.99116
0.999675
0.999479
0.998574
0.999441
0.998258
0.994365
0.941527
0.991954
0.95819
0.959787
0.99412
0.991875
0.999671
0.989387
0.999672
0.999449
0.997942
0.999424
0.998025
0.994073
0.943008
0.992024
0.957682
0.957857
0.994043
0.992098
0.991287
0.999672
0.999672
0.999427
0.998686
0.999434
0.998311
0.99967
0.989529
0.999671
0.99942
0.997952
0.999417
0.998056
0.993756
0.999168
0.999172
0.99433
0.991715
0.994292
0.992249
0.960081
0.750273
0.947527
0.711552
0.821205
0.820104
0.960355
0.947222
0.999182
0.995533
0.999177
0.994374
0.992597
0.994416
0.992499
0.960852
0.753425
0.94777
0.713214
0.82226
0.823256
0.960613
0.947952
0.999196
0.996352
0.999192
0.994522
0.992684
0.994563
0.992673
0.999186
0.996318
0.999189
0.994489
0.99264
0.994454
0.992662
0.999908
0.999467
0.999884
0.999485
0.999303
0.99949
0.999274
0.994523
0.945961
0.992576
0.960518
0.960825
0.994477
0.99263
0.99978
0.998922
0.999838
0.999477
0.999143
0.999469
0.999218
0.99438
0.944944
0.992521
0.960196
0.959857
0.99443
0.992467
0.999674
0.996555
0.999679
0.999447
0.998857
0.999441
0.998952
0.999727
0.997067
0.999694
0.999453
0.999072
0.99946
0.999015
0.711797
0.532605
0.516089
0.400089
0.501832
0.696609
0.718887
0.839428
0.964764
0.96362
0.86982
0.577023
0.521183
0.405609
0.54344
0.999908
0.999457
0.999884
0.999485
0.999303
0.99949
0.999273
0.994524
0.945987
0.99258
0.960518
0.960834
0.994478
0.992634
0.99978
0.99888
0.999838
0.999477
0.999125
0.999469
0.999214
0.99438
0.94497
0.992521
0.960193
0.959855
0.99443
0.992459
0.995223
0.999674
0.999679
0.999447
0.998316
0.999441
0.998697
0.999727
0.996027
0.999694
0.999453
0.999016
0.99946
0.998887
0.996405
0.999655
0.999608
0.998653
0.998547
0.999195
0.998126
0.982088
0.880418
0.969613
0.453598
0.874128
0.904878
0.974979
0.978978
0.999416
0.996665
0.999525
0.997789
0.995855
0.996716
0.997199
0.965028
0.771999
0.960266
0.503541
0.850389
0.837679
0.968875
0.953553
0.996406
0.999203
0.999218
0.994794
0.992741
0.994639
0.992947
0.999316
0.996455
0.999251
0.995129
0.994484
0.995757
0.993481
0.999673
0.991181
0.999675
0.999479
0.998576
0.999441
0.998261
0.994365
0.941526
0.991954
0.958188
0.959787
0.99412
0.991876
0.999671
0.989411
0.999672
0.999449
0.99794
0.999424
0.998028
0.994073
0.943012
0.992023
0.957681
0.957856
0.994043
0.992089
0.999672
0.988976
0.999672
0.999427
0.998067
0.999434
0.997973
0.99967
0.988802
0.999671
0.999421
0.997926
0.999417
0.99794
0.960085
0.750411
0.947561
0.82122
0.709792
0.820091
0.960361
0.947259
0.996225
0.999168
0.999173
0.994331
0.99253
0.994291
0.992525
0.999182
0.996231
0.999178
0.994375
0.992614
0.994417
0.992571
0.960859
0.753439
0.947794
0.713265
0.822289
0.823293
0.960618
0.947959
0.999197
0.996349
0.999193
0.994525
0.992685
0.994567
0.992673
0.999186
0.996319
0.999189
0.99449
0.992645
0.994455
0.992664
0.572237
0.520801
0.416168
0.341364
0.198103
0.2443
0.592623
0.785165
0.856782
0.51242
0.719378
0.790574
0.549944
0.086883
0.182315
0.200366
0.94605
0.947303
0.992303
0.992871
0.997337
0.997579
0.998658
0.992249
0.990011
0.998691
0.948934
0.991989
0.992247
0.994039
0.998684
0.97953
0.601058
0.526305
0.600117
0.525768
0.59855
0.518669
0.598048
0.524084
0.517933
0.508576
0.518026
0.509033
0.51947
0.5116
0.519101
0.509623
0.517907
0.508562
0.518001
0.50906
0.519351
0.510671
0.519181
0.509745
0.940143
0.947294
0.946473
0.99196
0.993462
0.996595
0.997869
0.993513
0.992165
0.994896
0.991515
0.993032
0.996742
0.985828
0.993398
0.990591
0.992105
0.960536
0.911892
0.929876
0.953632
0.966539
0.905287
0.963614
0.681324
0.933251
0.929444
0.942826
0.981816
0.980412
0.991629
0.98177
0.985981
0.975994
0.988588
0.949088
0.949091
0.992578
0.993562
0.999321
0.99928
0.993562
0.999279
0.992578
0.99356
0.999321
0.993562
0.991357
0.999242
0.992233
0.992508
0.999244
0.993031
0.999272
0.706526
0.939064
0.949026
0.949088
0.999309
0.993549
0.993465
0.599001
0.521145
0.598566
0.517185
0.598128
0.517583
0.598044
0.516848
0.597729
0.523629
0.594623
0.531099
0.556543
0.521453
0.564797
0.529995
0.705955
0.948755
0.94896
0.991971
0.962255
0.985135
0.99001
0.996747
0.993124
0.985536
0.991862
0.99352
0.998734
0.998335
0.99344
0.992419
0.995193
0.992579
0.99355
0.999321
0.99928
0.99355
0.999279
0.99258
0.706593
0.939496
0.949078
0.949045
0.992574
0.99932
0.993541
0.999117
0.993548
0.99926
0.99255
0.70666
0.939522
0.949096
0.949097
0.992581
0.993553
0.999322
0.99928
0.993552
0.99928
0.992581
0.993552
0.999322
0.993552
0.992581
0.993551
0.99928
0.999322
0.992581
0.993551
0.99928
0.939515
0.949098
0.949098
0.999322
0.993551
0.993551
0.992265
0.877527
0.953469
0.978002
0.997827
0.993174
0.953104
0.705986
0.948119
0.948836
0.988233
0.999009
0.993518
0.995674
0.993441
0.984872
0.991565
0.992578
0.993552
0.999322
0.99928
0.993551
0.99927
0.99258
0.939513
0.94908
0.949031
0.992556
0.999321
0.993541
0.998578
0.993549
0.999178
0.992399
0.939538
0.949097
0.949097
0.992581
0.993556
0.999322
0.99928
0.993555
0.99928
0.992581
0.993554
0.999322
0.993554
0.992581
0.993552
0.99928
0.999322
0.992581
0.993553
0.99928
0.939527
0.949099
0.949098
0.999322
0.993553
0.993553
0.575585
0.524107
0.567146
0.521516
0.524249
0.512112
0.532803
0.518989
0.939605
0.949079
0.949082
0.992577
0.993562
0.999321
0.999279
0.993562
0.999279
0.992577
0.99356
0.999321
0.993562
0.991367
0.999242
0.992232
0.992507
0.999244
0.993036
0.999272
0.939089
0.949019
0.94908
0.999309
0.993549
0.993466
0.947288
0.946474
0.991961
0.993464
0.996596
0.997869
0.993513
0.992168
0.994896
0.991515
0.993031
0.996742
0.985827
0.993398
0.990592
0.992105
0.960651
0.911213
0.929875
0.953278
0.96629
0.905482
0.963623
0.933183
0.929603
0.942861
0.981855
0.980321
0.991616
0.981769
0.985912
0.975997
0.988597
0.949089
0.949091
0.992578
0.993561
0.99928
0.999322
0.993561
0.992578
0.99928
0.993561
0.999322
0.993561
0.706701
0.939591
0.949094
0.949092
0.99258
0.99356
0.999323
0.99928
0.993561
0.99928
0.99258
0.993561
0.999323
0.993561
0.706682
0.949098
0.949098
0.992581
0.993554
0.99928
0.999322
0.993555
0.992581
0.99928
0.993557
0.999322
0.993556
0.939568
0.949099
0.949099
0.992581
0.99356
0.99928
0.999322
0.993559
0.992581
0.99928
0.993558
0.999322
0.993558
0.94908
0.949082
0.992577
0.993562
0.999279
0.999322
0.993562
0.992576
0.999279
0.993562
0.999322
0.993562
0.706684
0.939592
0.949088
0.949084
0.992579
0.99356
0.999323
0.99928
0.993561
0.99928
0.99258
0.993561
0.999323
0.993561
0.706681
0.949098
0.949098
0.992581
0.993557
0.99928
0.999322
0.993557
0.992581
0.99928
0.993558
0.999322
0.993558
0.93957
0.949098
0.949098
0.992581
0.99356
0.99928
0.999322
0.993559
0.99258
0.99928
0.993558
0.999322
0.993559
0.754143
0.849331
0.637394
0.80194
0.876123
0.779133
0.656075
0.598856
0.745359
0.75351
0.645395
0.929056
0.840457
0.630054
0.906436
0.889276
0.71609
0.952486
0.845709
0.966222
0.953163
0.965846
0.70638
0.817937
0.948226
0.959558
0.960161
0.772273
0.819745
0.952333
0.728088
0.955274
0.848146
0.966384
0.953995
0.966457
0.706245
0.817857
0.948424
0.959545
0.96015
0.772365
0.819686
0.952674
0.728085
0.955272
0.848194
0.966479
0.953996
0.966664
0.754129
0.849321
0.801932
0.637389
0.876114
0.779135
0.656109
0.598854
0.745356
0.753508
0.929057
0.645416
0.630049
0.840448
0.906431
0.889271
0.952492
0.716116
0.84572
0.966258
0.953167
0.965856
0.307023
0.388738
0.555746
0.580681
0.724369
0.496974
0.677968
0.992755
0.961715
0.994652
0.994709
0.946986
0.962114
0.992781
0.997875
0.949885
0.987443
0.993659
0.982287
0.998641
0.993189
0.999912
0.999135
0.988647
0.99897
0.998806
0.99993
0.998978
0.804115
0.805094
0.791151
0.917767
0.846057
0.91851
0.923695
0.999891
0.998865
0.998543
0.999922
0.999512
0.994687
0.994807
0.999501
0.928574
0.98935
0.92754
0.989571
0.869785
0.896468
0.92751
0.945643
0.999912
0.989712
0.999171
0.998966
0.998965
0.998974
0.999929
0.781026
0.827466
0.784717
0.915577
0.881222
0.93293
0.913205
0.928326
0.989312
0.927306
0.989532
0.775378
0.733358
0.856795
0.905982
0.999891
0.998861
0.998539
0.999922
0.999511
0.994678
0.994797
0.9995
0.992762
0.961727
0.994653
0.994707
0.947035
0.962106
0.992788
0.997871
0.949886
0.993659
0.987431
0.982261
0.998639
0.993188
0.307025
0.388739
0.555796
0.724367
0.496978
0.677969
0.999249
0.990559
0.994543
0.967694
0.992164
0.999058
0.995878
0.999423
0.994721
0.999539
0.994009
0.993888
0.999435
0.999511
0.999488
0.994607
0.999314
0.993332
0.994543
0.999494
0.999373
0.999454
0.999548
0.995193
0.994111
0.994197
0.999445
0.999553
0.999249
0.994543
0.990554
0.967695
0.992162
0.999058
0.995878
0.999423
0.999539
0.994721
0.994008
0.993887
0.999435
0.999511
0.999487
0.994607
0.999314
0.993332
0.994542
0.999494
0.999373
0.999454
0.995193
0.999548
0.99411
0.994197
0.999445
0.999553
0.667733
0.83697
0.723813
0.828648
0.540383
0.551866
0.734602
0.813783
0.812104
0.699595
0.285367
0.284116
0.652791
0.484898
0.513936
0.456667
0.60837
0.708139
0.591226
0.71635
0.599167
0.746109
0.824653
0.714815
0.823483
0.716654
0.294093
0.293158
0.739242
0.7021
0.815391
0.704464
0.816903
0.286583
0.287754
0.716849
0.82477
0.746183
0.714956
0.823571
0.294185
0.293212
0.739323
0.815396
0.81691
0.702107
0.286631
0.287815
0.723801
0.708379
0.836947
0.724378
0.828626
0.667696
0.540367
0.55184
0.734633
0.699596
0.813783
0.812101
0.285402
0.284139
0.652821
0.484895
0.513937
0.456699
0.725766
0.608274
0.591357
0.716434
0.599045
0.244739
0.250972
0.70814
0.739968
0.708187
0.692034
0.24476
0.250986
0.570807
0.914526
0.729812
0.833285
0.616676
0.759925
0.824114
0.765552
0.964757
0.996528
0.99554
0.9683
0.956236
0.975021
0.951468
0.99451
0.976235
0.994868
0.963774
0.948572
0.961162
0.949199
0.687339
0.806448
0.603139
0.757836
0.81684
0.756415
0.992635
0.944623
0.947538
0.994242
0.992141
0.993392
0.956757
0.948518
0.959232
0.948364
0.99757
0.950013
0.998344
0.987673
0.964139
0.982232
0.973689
0.682201
0.942126
0.746613
0.950951
0.94822
0.92873
0.998923
0.95029
0.998758
0.990737
0.98606
0.99207
0.98154
0.712807
0.95178
0.842082
0.961091
0.950694
0.964718
0.950898
0.999021
0.999007
0.992862
0.988868
0.992983
0.988823
0.998976
0.950904
0.998995
0.992742
0.988013
0.992553
0.988653
0.961786
0.81723
0.736979
0.836853
0.96348
0.825742
0.963767
0.958904
0.999167
0.971062
0.999175
0.990883
0.994288
0.994381
0.990002
0.999237
0.960889
0.999201
0.994632
0.989059
0.994945
0.989402
0.959393
0.84773
0.74481
0.692054
0.847529
0.9657
0.963712
0.966359
0.999042
0.950696
0.999091
0.993527
0.988879
0.99316
0.988877
0.999245
0.950757
0.999181
0.994358
0.988922
0.995013
0.98888
0.482499
0.777834
0.942861
0.688545
0.979543
0.993029
0.998758
0.995045
0.995713
0.999429
0.999167
0.995518
0.999175
0.99273
0.994287
0.99438
0.993253
0.961778
0.817301
0.736947
0.836831
0.964012
0.825707
0.963761
0.959375
0.999236
0.993829
0.999201
0.994631
0.994037
0.994945
0.993906
0.744799
0.959389
0.847786
0.847513
0.966186
0.963707
0.966715
0.961768
0.999043
0.999091
0.993527
0.989595
0.99316
0.990609
0.999245
0.971833
0.999181
0.994358
0.993354
0.995012
0.992029
0.96476
0.996527
0.995539
0.968296
0.956239
0.975017
0.951474
0.729786
0.833269
0.616716
0.759957
0.8241
0.76558
0.994509
0.976238
0.994868
0.96377
0.948581
0.961159
0.949209
0.687361
0.806459
0.60314
0.757846
0.816838
0.756415
0.992634
0.94462
0.947536
0.994242
0.992141
0.993392
0.956758
0.948523
0.959231
0.948364
0.682232
0.942132
0.746621
0.950952
0.948229
0.92873
0.99757
0.950018
0.998343
0.987672
0.964141
0.982229
0.97369
0.998923
0.950291
0.998758
0.990737
0.98606
0.992071
0.981541
0.951787
0.712828
0.842092
0.961093
0.950702
0.96472
0.999021
0.951076
0.999007
0.992863
0.989081
0.992984
0.988861
0.998976
0.950865
0.998995
0.992743
0.988009
0.992555
0.988652
0.924221
0.339277
0.551775
0.864079
0.589398
0.624507
0.524684
0.917483
0.767135
0.694363
0.986579
0.936362
0.917458
0.202661
0.379593
0.580378
0.591112
0.978729
0.829589
0.882463
0.999916
0.999314
0.999902
0.999495
0.999919
0.9995
0.999319
0.994819
0.947137
0.964487
0.992822
0.962842
0.995095
0.9928
0.999907
0.999921
0.999919
0.99951
0.999322
0.999537
0.999321
0.996767
0.948347
0.968116
0.992866
0.974873
0.995718
0.992966
0.99991
0.999947
0.999941
0.99982
0.999402
0.999896
0.999356
0.999926
0.999909
0.999933
0.999708
0.999326
0.999601
0.999335
0.845157
0.929216
0.999948
0.999951
0.999942
0.999976
0.999939
0.999905
0.999993
0.999735
0.985294
0.995364
0.99781
0.99796
0.998594
0.998828
0.999932
0.999249
0.99985
0.999812
0.99919
0.999773
0.998767
0.973558
0.918289
0.988816
0.992918
0.969595
0.993179
0.975042
0.89398
0.880656
0.807138
0.987002
0.954262
0.924826
0.960867
0.9965
0.996346
0.985598
0.975957
0.996782
0.98788
0.993836
0.999952
0.999951
0.999952
0.999992
0.99995
0.999994
0.999953
0.999821
0.996759
0.997843
0.99971
0.999951
0.999951
0.999952
0.999987
0.999952
0.999953
0.999979
0.999539
0.995705
0.995079
0.999603
0.999951
0.99995
0.99995
0.999965
0.999951
0.999951
0.999965
0.999951
0.999951
0.99995
0.999967
0.999952
0.999951
0.999972
0.929394
0.989347
0.989632
0.931146
0.546447
0.711279
0.709633
0.546727
0.712116
0.715277
0.935751
0.987042
0.976975
0.934213
0.729832
0.604401
0.748967
0.741805
0.589444
0.725498
0.999735
0.988239
0.996917
0.997652
0.998508
0.998582
0.998807
0.999949
0.999951
0.999934
0.999976
0.999942
0.999922
0.999993
0.999943
0.998808
0.999783
0.999811
0.999534
0.999856
0.998739
0.972999
0.943124
0.992463
0.992058
0.977288
0.993078
0.97161
0.915957
0.814191
0.797539
0.991661
0.928383
0.921047
0.970589
0.997917
0.994175
0.977252
0.974853
0.998005
0.991615
0.993609
0.928457
0.988438
0.989491
0.926215
0.54476
0.710223
0.708831
0.540547
0.708212
0.69674
0.903311
0.98294
0.963215
0.918158
0.585501
0.526971
0.670505
0.663859
0.476716
0.663769
0.999952
0.999951
0.999952
0.999992
0.99995
0.999994
0.999953
0.99982
0.996754
0.99784
0.99971
0.999951
0.999951
0.999952
0.999987
0.999952
0.999953
0.999979
0.999538
0.995701
0.995076
0.999603
0.999951
0.99995
0.99995
0.999965
0.999951
0.999951
0.999965
0.999951
0.999951
0.99995
0.999967
0.999952
0.999951
0.999972
0.999916
0.999315
0.999902
0.999495
0.999919
0.9995
0.999319
0.994814
0.947177
0.992825
0.964442
0.962811
0.995087
0.992806
0.999907
0.999921
0.999919
0.999509
0.999323
0.999536
0.999321
0.996761
0.948351
0.992867
0.968068
0.974833
0.99571
0.992966
0.99991
0.999947
0.999941
0.99982
0.999402
0.999895
0.999356
0.999926
0.999909
0.999933
0.999708
0.999326
0.9996
0.999335
0.339711
0.551271
0.863775
0.589289
0.624514
0.524688
0.91742
0.767141
0.694349
0.986577
0.936359
0.917456
0.202689
0.379604
0.577275
0.580386
0.591118
0.978728
0.829593
0.882462
0.999949
0.999929
0.99995
0.999948
0.999492
0.999933
0.999629
0.999329
0.977887
0.993312
0.99846
0.992919
0.999367
0.997334
0.99995
0.99994
0.99995
0.999953
0.999881
0.999956
0.999774
0.999409
0.993732
0.993563
0.999118
0.993743
0.999391
0.99941
0.999951
0.99995
0.99995
0.999959
0.999968
0.99996
0.999966
0.99995
0.999951
0.99995
0.999959
0.999937
0.999957
0.99996
0.99995
0.999951
0.99995
0.999964
0.999952
0.999964
0.999956
0.999481
0.994204
0.994409
0.999524
0.994477
0.999474
0.999459
0.99995
0.999951
0.99995
0.999963
0.999967
0.999963
0.999962
0.99995
0.999951
0.99995
0.999962
0.999968
0.999961
0.999968
0.999461
0.995223
0.994341
0.999552
0.994272
0.999468
0.999557
0.99995
0.999951
0.99995
0.999962
0.999969
0.999963
0.999969
0.999949
0.999929
0.99995
0.999948
0.999492
0.999933
0.999629
0.999329
0.977887
0.99846
0.993311
0.992918
0.999367
0.997334
0.99995
0.99994
0.99995
0.999953
0.999881
0.999956
0.999774
0.999951
0.99995
0.99995
0.999959
0.999968
0.99996
0.999966
0.999409
0.993732
0.999117
0.993561
0.993742
0.999391
0.999409
0.99995
0.999951
0.99995
0.999959
0.999937
0.999957
0.99996
0.99995
0.999951
0.99995
0.999964
0.999952
0.999964
0.999956
0.999481
0.994203
0.994407
0.999524
0.994474
0.999474
0.999459
0.99995
0.999951
0.99995
0.999963
0.999967
0.999963
0.999962
0.999461
0.995223
0.994341
0.999552
0.994272
0.999468
0.999557
0.99995
0.999951
0.99995
0.999962
0.999968
0.999961
0.999968
0.99995
0.999951
0.99995
0.999962
0.999969
0.999963
0.999969
0.727401
0.695318
0.811206
0.817276
0.280168
0.371408
0.732958
0.693226
0.809723
0.810536
0.28152
0.282834
0.572307
0.114877
0.274715
0.346427
0.416995
0.709824
0.593
0.714793
0.598024
0.74479
0.821037
0.712936
0.822287
0.710969
0.291038
0.292114
0.740666
0.708909
0.819729
0.706731
0.818346
0.289957
0.28887
0.744879
0.710935
0.82102
0.712982
0.822318
0.291124
0.29218
0.740769
0.819704
0.706725
0.818342
0.708865
0.290048
0.28895
0.727388
0.811194
0.817259
0.695298
0.280163
0.371393
0.732972
0.693213
0.809715
0.81053
0.281522
0.282845
0.571488
0.572368
0.114882
0.274823
0.346507
0.736451
0.416978
0.593219
0.714855
0.598041
0.178801
0.225886
0.718615
0.825899
0.749131
0.294889
0.82747
0.295562
0.760325
0.922742
0.899901
0.505979
0.668646
0.312311
0.304229
0.547572
0.707823
0.988585
0.986414
0.924623
0.916346
0.961891
0.962689
0.828997
0.723143
0.826149
0.988549
0.924388
0.986384
0.916164
0.961815
0.962603
0.828657
0.718362
0.82585
0.718782
0.825993
0.749397
0.295062
0.721117
0.82749
0.295785
0.760333
0.922685
0.899789
0.50549
0.668312
0.312312
0.304236
0.547353
0.707667
0.961318
0.960884
0.822146
0.824233
0.964754
0.957968
0.958537
0.697279
0.812468
0.836551
0.838209
0.810239
0.937294
0.830289
0.94563
0.622703
0.764114
0.327945
0.74114
0.430061
0.961643
0.957292
0.956469
0.804283
0.83403
0.689706
0.807607
0.827995
0.96132
0.960865
0.712261
0.821973
0.82389
0.964753
0.957969
0.958538
0.697295
0.812477
0.836547
0.838204
0.693804
0.810241
0.937271
0.830291
0.945622
0.76408
0.327947
0.590482
0.741078
0.430056
0.961639
0.95729
0.956464
0.684456
0.804265
0.834023
0.8076
0.827981
0.318112
0.663968
0.997763
0.998497
0.994988
0.749833
0.732258
0.83509
0.72493
0.83003
0.296703
0.296131
0.754687
0.746675
0.845364
0.683466
0.869187
0.297717
0.299927
0.974746
0.981917
0.897718
0.868379
0.705249
0.530445
0.6938
0.68378
0.505941
0.666784
0.967964
0.96431
0.834396
0.745846
0.844809
0.718823
0.731196
0.704502
0.529753
0.6933
0.974708
0.981888
0.897587
0.868181
0.683556
0.505806
0.666611
0.967919
0.964285
0.833934
0.745278
0.844484
0.722618
0.730315
0.750053
0.732054
0.83495
0.724825
0.829952
0.296814
0.296316
0.75472
0.746445
0.845208
0.869036
0.297779
0.299956
0.957731
0.959949
0.960417
0.820033
0.829508
0.810195
0.706011
0.818054
0.715993
0.964926
0.959498
0.959038
0.700352
0.814437
0.837679
0.83879
0.816259
0.877624
0.952445
0.949919
0.640293
0.776518
0.674133
0.363802
0.579183
0.786147
0.955744
0.954198
0.955462
0.799874
0.763067
0.809424
0.668073
0.794102
0.957728
0.959939
0.960396
0.709033
0.819953
0.829501
0.810192
0.705989
0.818035
0.715303
0.964925
0.959497
0.95904
0.814451
0.837672
0.838785
0.816267
0.877622
0.952439
0.949914
0.640245
0.77649
0.327611
0.674108
0.363777
0.579169
0.786116
0.955739
0.954189
0.955453
0.799846
0.763042
0.809407
0.668021
0.794068
0.693801
0.703201
0.142481
0.590571
0.655212
0.70322
0.14247
0.655161
0.689695
0.988194
0.969558
0.413864
0.713346
0.738005
0.457597
0.629252
0.828433
0.708961
0.627576
0.708864
0.627665
0.205136
0.500674
0.842872
0.280132
0.4774
0.129928
0.985432
0.891512
0.961498
0.190609
0.201239
0.859465
0.67689
0.780469
0.907288
0.768354
0.902928
0.0638084
0.718159
0.718103
0.548632
0.548622
0.355915
0.355914
0.25714
0.25716
0.254454
0.254468
0.231721
0.231746
0.205313
0.205332
0.887915
0.888156
0.888303
0.887974
0.887944
0.890213
0.888783
0.890226
0.888797
0.887939
0.888164
0.888315
0.887979
0.887958
0.888099
0.888064
0.888004
0.888034
0.893669
0.900195
0.909938
0.893681
0.900203
0.909943
0.888103
0.888065
0.888004
0.888033
)
;
    }
    ailerons
    {
        type            fixedValue;
        value           nonuniform List<scalar> 
460
(
0.881127
0.865906
0.8622
0.765106
0.829714
0.620261
0.887774
0.883153
0.883689
0.860862
0.870245
0.880667
0.878781
0.86789
0.861601
0.885986
0.859529
0.855784
0.85709
0.865052
0.854686
0.902764
0.892799
0.815938
0.884883
0.884085
0.88509
0.855769
0.87199
0.875803
0.867345
0.754636
0.60279
0.603279
0.606242
0.602855
0.612568
0.612311
0.602436
0.602932
0.605851
0.602587
0.462072
0.495853
0.679604
0.501067
0.495737
0.701066
0.602627
0.601414
0.496281
0.587319
0.801395
0.80164
0.803121
0.801427
0.801313
0.792854
0.496065
0.746957
0.806284
0.806155
0.801218
0.801466
0.802925
0.801294
0.602363
0.605067
0.51176
0.605886
0.801182
0.802533
0.52181
0.802943
0.462014
0.502011
0.67945
0.501029
0.504036
0.700955
0.603785
0.603948
0.602747
0.602445
0.73487
0.481073
0.743823
0.492526
0.6033
0.603482
0.602675
0.602371
0.498311
0.50641
0.498245
0.506462
0.604064
0.604434
0.504864
0.515041
0.801892
0.801974
0.801374
0.801223
0.802032
0.802217
0.507502
0.526766
0.867435
0.594104
0.871912
0.600332
0.80165
0.801741
0.801337
0.801186
0.60394
0.604211
0.591016
0.605378
0.80197
0.802106
0.750779
0.796601
0.498523
0.506426
0.498333
0.506436
0.603121
0.603683
0.604084
0.602498
0.629554
0.630177
0.60269
0.603284
0.603833
0.60232
0.495763
0.584569
0.222378
0.495698
0.141606
0.206437
0.84518
0.590056
0.602783
0.604879
0.497333
0.560214
0.811365
0.80156
0.882568
0.801842
0.802042
0.873552
0.870111
0.811961
0.801249
0.801391
0.881004
0.80244
0.141671
0.497044
0.653988
0.814542
0.814777
0.883755
0.814558
0.815088
0.86659
0.801345
0.882058
0.88064
0.801642
0.811914
0.801916
0.811987
0.80116
0.602603
0.6048
0.531231
0.607065
0.801301
0.86697
0.8024
0.812387
0.565952
0.15196
0.812627
0.803533
0.497999
0.584466
0.222371
0.144589
0.498012
0.206417
0.845172
0.589977
0.603483
0.60392
0.603232
0.60235
0.667307
0.670504
0.603009
0.603486
0.603109
0.60224
0.496165
0.530214
0.496107
0.814573
0.142337
0.531238
0.815849
0.144718
0.603337
0.604839
0.499727
0.532909
0.801742
0.811537
0.885634
0.80196
0.801616
0.812344
0.85657
0.801175
0.812246
0.801668
0.871207
0.802419
0.499844
0.145754
0.568973
0.813286
0.153855
0.833654
0.844939
0.835252
0.844951
0.901238
0.711531
0.815773
0.801504
0.801743
0.811703
0.885346
0.801554
0.855999
0.80112
0.603215
0.604457
0.561588
0.607823
0.801607
0.802228
0.811712
0.86851
0.654671
0.613376
0.803912
0.496919
0.530163
0.496658
0.814517
0.142327
0.531186
0.815806
0.144699
0.799335
0.80049
0.80318
0.80069
0.80637
0.806363
0.799417
0.800551
0.803158
0.800721
0.513412
0.803384
0.868873
0.711347
0.813961
0.799255
0.800927
0.803191
0.801327
0.811868
0.813088
0.811344
0.812446
0.813843
0.812691
0.811419
0.813097
0.799313
0.800856
0.803103
0.801255
0.811379
0.813781
0.513402
0.803287
0.868853
0.711342
0.813894
0.799756
0.799926
0.801537
0.801317
0.869297
0.513946
0.869303
0.513952
0.799894
0.800061
0.801478
0.801268
0.804657
0.8075
0.799506
0.799791
0.802531
0.80229
0.811612
0.811554
0.811734
0.813439
0.711523
0.81163
0.812328
0.812231
0.799508
0.799776
0.802476
0.802239
0.811544
0.813385
0.81323
0.804568
0.807432
0.799455
0.800294
0.802176
0.800894
0.81555
0.815551
0.799562
0.800385
0.802135
0.800896
0.803578
0.83642
0.141609
0.81407
0.170155
0.829136
0.79924
0.800523
0.802983
0.801697
0.88372
0.81141
0.884333
0.811779
0.812631
0.812055
0.87884
0.811361
0.812192
0.14193
0.813715
0.260805
0.812915
0.818755
0.875237
0.818772
0.811482
0.811844
0.858786
0.812631
0.862613
0.812063
0.799278
0.800466
0.802905
0.801633
0.811378
0.812144
0.171621
0.813657
0.848003
0.812851
0.803471
0.836384
0.142293
0.814002
0.170139
0.829121
0.799598
0.800105
0.801785
0.801104
0.836252
0.836256
0.799725
0.800223
0.80173
0.801077
0.803861
0.816203
0.141728
0.81421
0.152075
0.819786
0.799318
0.800139
0.802761
0.802019
0.884801
0.811469
0.885657
0.811693
0.812455
0.812151
0.875664
0.811428
0.811951
0.142846
0.81358
0.172868
0.813114
0.828452
0.888991
0.828468
0.811555
0.811775
0.857213
0.812445
0.857302
0.812144
0.799337
0.800103
0.802695
0.801963
0.811431
0.811916
0.258677
0.813526
0.818702
0.813053
0.803754
0.816149
0.141828
0.814146
0.15206
0.819758
)
;
    }
    elevator
    {
        type            fixedValue;
        value           nonuniform List<scalar> 
331
(
0
0
0
0
0
0
0
0
0
0
0
0
0
0
0
0
0
0
0
0
0
0
0
0
0
0
0
0
0
0
0
0
0
0
0
0
0
0
0
0
0
0
0
0
0
0
0
0
0
0
0
0
0
0
0
0
0
0
0
0
0
0
0
0
0
0
0
0
0
0
0
0
0
0
0
0
0
0
0
0
0
0
0
0
0
0
0
0
0
0
0
0
0
0
0
0
0
0
0
0
0
0
0
0
0
0
0
0
0
0
0
0
0
0
0
0
0.767671
0.805856
0.805987
0.764499
0.604006
0.610254
0.611712
0.611974
0.77031
0.802003
0.805127
0.764446
0.662286
0.790795
0.790785
0.662397
0.580641
0.581549
0.58159
0.58157
0.66302
0.790321
0.790775
0.66248
0.76971
0.80305
0.801921
0.770941
0.603794
0.603803
0.770751
0.801897
0.801901
0.77094
0.606101
0.603841
0.744079
0.791818
0.78802
0.710129
0.579252
0.575961
0.583635
0.576041
0.664194
0.789626
0.78798
0.694744
0.764434
0.805316
0.708321
0.630304
0.376543
0.610633
0.519651
0.533181
0.454945
0.6048
0.503779
0.577812
0.490029
0.659883
0.788906
0.733145
0.605084
0.365912
0.66228
0.790797
0.790797
0.662383
0.580675
0.581597
0.661915
0.790337
0.790799
0.662474
0.581593
0.581595
0.48929
0.503328
0.56629
0.396914
0.160867
0.696958
0.783145
0.680346
0.618297
0.767568
0.804144
0.79913
0.74623
0.570547
0.582492
0.608288
0.59826
0.70147
0.785273
0.791246
0.731267
0.750159
0.796381
0.710147
0.630367
0.388259
0.592761
0.52312
0.548664
0.461446
0.767812
0.805933
0.766561
0.805918
0.60482
0.606898
0.611867
0.611837
0.769188
0.80241
0.766989
0.803449
0.662307
0.790792
0.662343
0.790789
0.581253
0.581478
0.581585
0.581578
0.662701
0.790626
0.662585
0.790739
0.770591
0.802345
0.770877
0.802022
0.603779
0.603795
0.770889
0.80189
0.770926
0.801898
0.604691
0.604044
0.733745
0.788011
0.722324
0.787139
0.576875
0.575254
0.576021
0.574278
0.667983
0.788438
0.678391
0.787627
0.801735
0.752769
0.781028
0.717528
0.140577
0.605264
0.584105
0.150236
0.140149
0.507865
0.250413
0.568984
0.545752
0.784492
0.654036
0.772876
0.64088
0.280876
0.662291
0.790797
0.662323
0.790796
0.581432
0.581581
0.662481
0.790716
0.662558
0.790791
0.581593
0.581593
0.235957
0.21232
0.549522
0.504415
0.774761
0.688079
0.752207
0.668294
0.763471
0.80513
0.756817
0.804242
0.570139
0.571958
0.610259
0.608485
0.706301
0.785069
0.716062
0.785979
0.797409
0.745708
0.779743
0.714948
0.149165
0.596678
0.582223
0.160066
0.145033
)
;
    }
}


// ************************************************************************* //
