/*--------------------------------*- C++ -*----------------------------------*\
| =========                 |                                                 |
| \\      /  F ield         | OpenFOAM: The Open Source CFD Toolbox           |
|  \\    /   O peration     | Version:  2206                                  |
|   \\  /    A nd           | Website:  www.openfoam.com                      |
|    \\/     M anipulation  |                                                 |
\*---------------------------------------------------------------------------*/
FoamFile
{
    version     2.0;
    format      ascii;
    arch        "LSB;label=32;scalar=64";
    class       volScalarField;
    location    "3";
    object      thickness;
}
// * * * * * * * * * * * * * * * * * * * * * * * * * * * * * * * * * * * * * //

dimensions      [0 0 0 0 0 0 0];

internalField   uniform 0;

boundaryField
{
    movingWall
    {
        type            fixedValue;
        value           uniform 0;
    }
    front
    {
        type            fixedValue;
        value           uniform 0;
    }
    back
    {
        type            fixedValue;
        value           uniform 0;
    }
    fuselage
    {
        type            fixedValue;
        value           nonuniform List<scalar> 
6561
(
0
0
0
0
0
0
0
0
0
0
0
0
0
0
0
0
0
0
0
0
0
0
0
0
0
0
0
0
0
0
0
0
0
0
0
0
0
0
0
0
0
0
0
0
0
0
0
0
0
0
0
0
0
0
0
0
0
0
0
0
0
0
0
0
0
0
0
0
0
0
0
0
0
0
0
0
0
0
0
0
0
0
0
0
0
0
0
0
0
0
0
0
0
0
0
0
0
0
0
0
0
0
0
0
0
0
0
0
0
0
0
0
0
0
0
0
0
0
0
0
0
0
0
0
0
0
0
0
0
0
0
0
0
0
0
0
0
0
0
0
0
0
0
0
0
0
0
0
0
0
0
0
0
0
0
0
0
0
0
0
0
0
0
0
0
0
0
0
0
0
0
0
0
0
0
0
0
0
0
0
0
0
0
0
0
0
0
0
0
0
0
0
0
0
0
0
0
0
0
0
0
0
0
0
0
0
0
0
0
0
0
0
0
0
0
0
0
0
0
0
0
0
0
0
0
0
0
0
0
0
0
0
0
0
0
0
0
0
0
0
0
0
0
0
0
0
0
0
0
0
0
0
0
0
0
0
0
0
0
0
0
0
0
0
0
0
0
0
0
0
0
0
0
0
0
0
0
0
0
0
0
0
0
0
0
0
0
0
0
0
0
0
0
0
0
0
0
0
0
0
0
0
0
0
0
0
0
0
0
0
0
0
0
0
0
0
0
0
0
0
0
0
0
0
0
0
0
0
0
0
0
0
0
0
0
0
0
0
0
0
0
0
0
0
0
0
0
0
0
0
0
0
0
0
0
0
0
0
0
0
0
0
0
0
0
0
0
0
0
0
0
0
0
0
0
0
0
0
0
0
0
0
0
0
0
0
0
0
0
0
0
0
0
0
0
0
0
0
0
0
0
0
0
0
0
0
0
0
0
0
0
0
0
0
0
0
0
0
0
0
0
0
0
0
0
0
0
0
0
0
0
0
0
0
0
0
0
0
0
0
0
0
0
0
0
0
0
0
0
0
0
0
0
0
0
0
0
0
0
0
0
0
0
0
0
0
0
0
0
0
0
0
0
0
0
0
0
0
0
0
0
0
0
0
0
0
0
0
0
0
0
0
0
0
0
0
0
0
0
0
0
0
0
0
0
0
0
0
0
0
0
0
0
0
0
0
0
0
0
0
0
0
0
0
0
0
0
0
0
0
0
0
0
0
0
0
0
0
0
0
0
0
0
0
0
0
0
0
0
0
0
0
0
0
0
0
0
0
0
0
0
0
0
0
0
0
0
0
0
0
0
0
0
0
0
0
0
0
0
0
0
0
0
0
0
0
0
0
0
0
0
0
0
0
0
0
0
0
0
0
0
0
0
0
0
0
0
0
0
0
0
0
0
0
0
0
0
0
0
0
0
0
0
0
0
0
0
0
0
0
0
0
0
0
0
0
0
0
0
0
0
0
0
0
0
0
0
0
0
0
0
0
0
0
0
0
0
0
0
0
0
0
0
0
0
0
0
0
0
0
0
0
0
0
0
0
0
0
0
0
0
0
0
0
0
0
0
0
0
0
0
0
0
0
0
0
0
0
0
0
0
0
0
0
0
0
0
0
0
0
0
0
0
0
0
0
0
0
0
0
0
0
0
0
0
0
0
0
0
0
0
0
0
0
0
0
0
0
0
0
0
0
0
0
0
0
0
0
0
0
0
0
0
0
0
0
0
0
0
0
0
0
0
0
0
0
0
0
0
0
0
0
0
0
0
0
0
0
0
0
0
0
0
0
0
0
0
0
0
0
0
0
0
0
0
0
0
0
0
0
0
0
0
0
0
0
0
0
0
0
0
0
0
0
0
0
0
0
0
0
0
0
0
0
0
0
0
0
0
0
0
0
0
0
0
0
0
0
0
0
0
0
0
0
0
0
0
0
0
0
0
0
0
0
0
0
0
0
0
0
0
0
0
0
0
0
0
0
0
0
0
0
0
0
0
0
0
0
0
0
0
0
0
0
0
0
0
0
0
0
0
0
0
0
0
0
0
0
0
0
0
0
0
0
0
0
0
0
0
0
0
0
0
0
0
0
0
0
0
0
0
0
0
0
0
0
0
0
0
0
0
0
0
0
0
0
0
0
0
0
0
0
0
0
0
0
0
0
0
0
0
0
0
0
0
0
0
0
0
0
0
0
0
0
0
0
0
0
0
0
0
0
0
0
0
0
0
0
0
0
0
0
0
0
0
0
0
0
0
0
0
0
0
0
0
0
0
0
0
0
0
0
0
0
0
0
0
0
0
0
0
0
0
0
0
0
0
0
0
0
0
0
0
0
0
0
0
0
0
0
0
0
0
0
0
0
0
0
0
0
0
0
0
0
0
0
0
0
0
0
0
0
0
0
0
0
0
0
0
0
0
0
0
0
0
0
0
0
0
0
0
0
0
0
0
0
0
0
0
0
0
0
0
0
0
0
0
0
0
0
0
0
0
0
0
0
0
0
0
0
0
0
0
0
0
0
0
0
0
0
0
0
0
0
0
0
0
0
0
0
0
0
0
0
0
0
0
0
0
0
0
0
0
0
0
0
0
0
0
0
0
0
0
0
0
0
0
0
0
0
0
0
0
0
0
0
0
0
0
0
0
0
0
0
0
0
0
0
0
0
0
0
0
0
0
0
0
0
0
0
0
0
0
0
0
0
0
0
0
0
0
0
0
0
0
0
0
0
0
0
0
0
0
0
0
0
0
0
0
0
0
0
0
0
0
0
0
0
0
0
0
0
0
0
0
0
0
0
0
0
0
0
0
0
0
0
0
0
0
0
0
0
0
0
0
0
0
0
0
0
0
0
0
0
0
0
0
0
0
0
0
0
0
0
0
0
0
0
0
0
0
0
0
0
0
0
0
0
0
0
0
0
0
0
0
0
0
0
0
0
0
0
0
0
0
0
0
0
0
0
0
0
0
0
0
0
0
0
0
0
0
0
0
0
0
0
0
0
0
0
0
0
0
0
0
0
0
0
0
0
0
0
0
0
0
0
0
0
0
0
0
0
0
0
0
0
0
0
0
0
0
0
0
0
0
0
0
0
0
0
0
0
0
0
0
0
0
0
0
0
0
0
0
0
0
0
0
0
0
0
0
0
0
0
0
0
0
0
0
0
0
0
0
0
0
0
0
0
0
0
0
0
0
0
0
0
0
0
0
0
0
0
0
0
0
0
0
0
0
0
0
0
0
0
0
0
0
0
0
0
0
0
0
0
0
0
0
0
0
0
0
0
0
0
0
0
0
0
0
0
0
0
0
0
0
0
0
0
0
0
0
0
0
0
0
0
0
0
0
0
0
0
0
0
0
0
0
0
0
0
0
0
0
0
0
0
0
0
0
0
0
0
0
0
0
0
0
0
0
0
0
0
0
0
0
0
0
0
0
0
0
0
0
0
0
0
0
0
0
0
0
0
0
0
0
0
0
0
0
0
0
0
0
0
0
0
0
0
0
0
0
0
0
0
0
0
0
0
0
0
0
0
0
0
0
0
0
0
0
0
0
0
0
0
0
0
0
0
0
0
0
0
0
0
0
0
0
0
0
0
0
0
0
0
0
0
0
0
0
0
0
0
0
0
0
0
0
0
0
0
0
0
0
0
0
0
0
0
0
0
0
0
0
0
0
0
0
0
0
0
0
0
0
0
0
0
0
0
0
0
0
0
0
0
0
0
0
0
0
0
0
0
0
0
0
0
0
0
0
0
0
0
0
0
0
0
0
0
0
0
0
0
0
0
0
0
0
0
0
0
0
0
0
0
0
0
0
0
0
0
0
0
0
0
0
0
0
0
0.0783659
0.0782899
0.0663439
0.0662258
0.0883441
0.0906077
0.0404103
0.0452535
0.0138358
0.0126093
0.0108041
0.0137838
0.0134962
0.0129506
0.0136814
0.0141624
0.00324495
0.0137834
0.0135194
0.0130056
0.0138341
0.0125976
0.0108013
0.027662
0.0270927
0.0138286
0.0347186
0.03277
0.0137836
0.0137823
0.0137781
0.0137819
0.0296456
0.0137147
0.0137759
0.0137776
0.0137761
0.0344823
0.0239491
0.00633311
0.0494556
0.0464628
0.0327859
0.0349345
0.0132056
0.00943743
0.0509132
0.0139304
0.0137768
0.013779
0.0137769
0.0464763
0.0348789
0.0137832
0.0137822
0.0137794
0.0137819
0.0328444
0.0138269
0.0270928
0.0347168
0.020062
0.0164288
0.0347349
0.0316514
0.0346625
0.0340171
0.0607812
0.0345505
0.0346506
0.0465179
0.0465238
0.0441037
0.0227036
0.0346531
0.0346509
0.0648341
0.034761
0.0346519
0.0441659
0.0284949
0.0465207
0.0465237
0.0346552
0.0346521
0.0346621
0.0340494
0.0347331
0.0316369
0.00803554
0.0371633
0.0413021
0.0346622
0.0346599
0.0346538
0.0346594
0.00823912
0.0343712
0.0312494
0.0346619
0.0346598
0.0346558
0.0346593
0.0138439
0.0138233
0.0137837
0.0137808
0.0125635
0.0105881
0.00923671
0.00599077
0.0131687
0.0109962
0.0137833
0.0137811
0.0138406
0.0138195
0.0100673
0.0134848
0.0128437
0.0316779
0.013783
0.0137828
0.0137798
0.0137804
0.0104875
0.0137687
0.0137731
0.0137768
0.0137766
0.0314622
0.0265503
0.0306055
0.00315911
0.0115491
0.0169126
0.00962943
0.00712106
0.0321879
0.0271633
0.0196752
0.0116903
0.0280849
0.00272869
0.0114026
0.00262303
0.0137842
0.0137792
0.0137778
0.0137775
0.0137828
0.0137826
0.0137805
0.0137808
0.0134829
0.0128434
0.0316779
0.0443258
0.0442993
0.0443428
0.0442993
0.0325347
0.0367029
0.0138161
0.0161197
0.0138414
0.0134303
0.0075888
0.0137841
0.0137035
0.0118053
0.0136435
0.0025761
0.00484693
0.0147202
0.00268736
0.0046353
0.0137835
0.0137119
0.0119188
0.0138387
0.0134204
0.00760508
0.00488519
0.0315409
0.0138088
0.00948094
0.0336271
0.0218993
0.0137834
0.0137826
0.0137786
0.0137814
0.0155735
0.02329
0.0137414
0.0137756
0.0137773
0.0137763
0.0262049
0.00329361
0.0219298
0.0138347
0.0137769
0.0137786
0.0137771
0.0137831
0.0137824
0.0137798
0.0137815
0.0138064
0.00948139
0.0315853
0.0336248
0.0219004
0.0347397
0.0346865
0.0417317
0.034662
0.0346558
0.0346389
0.0346461
0.0346518
0.0346515
0.0346566
0.0346535
0.0346534
0.034653
0.0346615
0.0346563
0.042715
0.0347356
0.0346819
0.016283
0.0346614
0.0346611
0.0346563
0.0346571
0.0346612
0.0346609
0.0346573
0.0346578
0.0138453
0.0137332
0.00279416
0.0137842
0.0137659
0.00977505
0.0134251
0.00721395
0.0127015
0.00197194
0.0145347
0.00749213
0.0137836
0.0137684
0.0099781
0.0138419
0.0137271
0.0028076
0.0137333
0.0115538
0.0253252
0.0373215
0.0137832
0.0137827
0.0137792
0.0137809
0.0137591
0.0137749
0.013777
0.0137764
0.00843802
0.00299896
0.0428114
0.0306429
0.0388149
0.0361589
0.0336526
0.0398013
0.0426046
0.00901695
0.00311329
0.0128361
0.0156104
0.00342633
0.00280948
0.00281663
0.0130592
0.0365143
0.012963
0.0332221
0.0153074
0.0347434
0.0400376
0.0158187
0.00536811
0.0203164
0.0118058
0.00353678
0.0137978
0.0137774
0.0137782
0.0137772
0.0137829
0.0137825
0.0137801
0.0137811
0.0255639
0.0137306
0.0115546
0.0711041
0.0706853
0.00695495
0.0173385
0.0140057
0.0173979
0.0443698
0.0452045
0.0699849
0.0706799
0.0542938
0.0440884
0.0537511
0.0440657
0.0443697
0.0452044
0.0140088
0.0173989
0.00695491
0.0173392
0.0773133
0.0893504
0.0815823
0.0883959
0.0350763
0.036144
0.0717348
0.0866928
0.0797628
0.0791956
0.081736
0.0841499
0.0894648
0.0867228
0.0350861
0.0361441
0.0569023
0.0423422
0.0580671
0.0371076
0.0451712
0.0578166
0.0386589
0.0521905
0.0371077
0.0451711
0.00327237
0.0181513
0.0188959
0.0348634
0.0245797
0.0328866
0.0346559
0.0328867
0.0440326
0.0356412
0.04538
0.0427085
0.0324057
0.0300991
0.00798238
0.0267532
0.0329765
0.034324
0.0439046
0.0436129
0.00645643
0.00827284
0.0401789
0.0468727
0.045466
0.0468668
0.0446649
0.0450175
0.0468382
0.0328899
0.0353244
0.0438642
0.00668163
0.029168
0.0485984
0.045842
0.0468727
0.0468701
0.0453559
0.0456366
0.0468548
0.0427282
0.0324054
0.0302448
0.01892
0.00672547
0.0348502
0.0245811
0.0346531
0.0440326
0.043891
0.0356423
0.0453801
0.0324782
0.0134463
0.0299062
0.0271518
0.0370708
0.00701911
0.0321806
0.0131513
0.0298671
0.0259293
0.0361797
0.0064236
0.0181955
0.0385545
0.0208409
0.0721588
0.065361
0.0835907
0.0341619
0.0373924
0.03288
0.0347429
0.0328735
0.0440633
0.0440693
0.0337076
0.0404223
0.0349287
0.0444942
0.0413566
0.0331267
0.0346628
0.044044
0.0440441
0.0435987
0.0344843
0.018298
0.0409577
0.0239787
0.0191703
0.0548041
0.0588182
0.0326404
0.0250245
0.0703253
0.0402223
0.0736346
0.00999462
0.0330164
0.0345945
0.043984
0.0346501
0.033123
0.0440395
0.0440394
0.0468727
0.0465333
0.0468727
0.0465288
0.0468727
0.0468727
0.0371785
0.00952177
0.0323043
0.00282546
0.00716467
0.033125
0.0346526
0.0331248
0.0440404
0.0440402
0.0346511
0.0331242
0.0440396
0.0735739
0.0463263
0.0855962
0.0573129
0.0782536
0.020469
0.0497111
0.0329814
0.0439715
0.0346904
0.0440117
0.0346519
0.0331238
0.04404
0.0382935
0.010511
0.0353936
0.00689837
0.00932751
0.0468727
0.0465333
0.0468727
0.0465288
0.0468727
0.0468727
0.033125
0.0346546
0.0331249
0.0440413
0.0346523
0.0440401
0.0331255
0.0346622
0.0331257
0.044044
0.0436083
0.0344963
0.0328879
0.0341733
0.0373935
0.0347398
0.0328718
0.0440633
0.0440689
0.0336942
0.0404086
0.0349302
0.0444944
0.0413569
0.0346619
0.044044
0.0346604
0.0440429
0.0331252
0.0346545
0.0331255
0.0440407
0.0331266
0.0346587
0.0440428
0.0346617
0.0331254
0.044044
0.0346603
0.0331262
0.033126
0.0440429
0.0346564
0.0440415
0.0440417
0.0331262
0.0346588
0.0440427
0.0440425
0.0050588
0.00497885
0.00238484
0.0151116
0.00251074
0.0278488
0.0322395
0.0380869
0.0457988
0.0467257
0.0457998
0.0467257
0.0458203
0.0467261
0.0467279
0.0458044
0.0457965
0.0467263
0.0467262
0.0457958
0.0457942
0.0467261
0.0467259
0.045795
0.0192932
0.00249032
0.0180926
0.0337045
0.0133242
0.0122013
0.00591328
0.00252918
0.0160208
0.0186036
0.034108
0.0235499
0.00638785
0.0203476
0.0101001
0.00716186
0.00766838
0.0367599
0.0240115
0.0024025
0.0457961
0.0467263
0.0457955
0.0467261
0.0457939
0.0467261
0.0467259
0.0457947
0.0278506
0.0322391
0.0380871
0.0457983
0.0467257
0.0467256
0.0457994
0.0458201
0.0467261
0.0467278
0.0458041
0.0443629
0.0443309
0.0443633
0.0443312
0.00840643
0.0137026
0.00350344
0.0232491
0.0446785
0.0338719
0.0149013
0.0107614
0.0042082
0.011961
0.0111798
0.0116054
0.0108929
0.0232013
0.0125768
0.00875479
0.00811106
0.00358356
0.0146275
0.022801
0.00688897
0.0344094
0.0418191
0.0328494
0.043369
0.0117633
0.01097
0.0119249
0.0105496
0.0242529
0.03785
0.029034
0.011937
0.0111764
0.0232925
0.0126328
0.00882455
0.00810428
0.00357152
0.0145919
0.0227811
0.00690648
0.00904671
0.034406
0.0326874
0.0418186
0.032847
0.0433683
0.0123558
0.0123527
0.0121931
0.0122416
0.0119211
0.0119243
0.0119803
0.0119668
0.0119205
0.0119238
0.0119819
0.0119715
0.0347471
0.0328613
0.0440584
0.0344622
0.0326166
0.0439994
0.0346629
0.0331281
0.0331274
0.0440435
0.0440441
0.0465271
0.0468412
0.0465271
0.0468412
0.0346232
0.0331277
0.0440398
0.0465267
0.0468412
0.0468411
0.0465271
0.0121682
0.0121384
0.0121174
0.0121123
0.0123422
0.0124149
0.0122874
0.012354
0.0346232
0.0440341
0.0440266
0.034649
0.0331179
0.0440375
0.0346521
0.0331245
0.04404
0.0465272
0.0468413
0.0468413
0.0465272
0.0346513
0.0331244
0.0331243
0.0440398
0.0465272
0.0468413
0.0468413
0.0465272
0.0346652
0.0331118
0.0440362
0.0440289
0.0346523
0.0331222
0.0440388
0.034654
0.0331246
0.0331247
0.0440406
0.0465272
0.0468413
0.0465272
0.0468413
0.0346526
0.0331245
0.0331244
0.0440405
0.0465273
0.0468413
0.0468413
0.0465272
0.0122796
0.0122587
0.012031
0.0120904
0.0346622
0.0331267
0.0331261
0.0440435
0.0465271
0.0468412
0.0465271
0.0468412
0.0346268
0.0331265
0.0331173
0.04404
0.0465267
0.0468412
0.0468411
0.0465271
0.0347429
0.0328114
0.0328587
0.0440576
0.0440684
0.0344542
0.0319444
0.0439983
0.0346617
0.0331265
0.0331264
0.0440437
0.0440438
0.0465271
0.0468412
0.0468412
0.0465271
0.0346607
0.0331265
0.0440436
0.0465272
0.0468412
0.0465272
0.0468412
0.0346554
0.0440416
0.0440413
0.0465272
0.0468413
0.0465272
0.0468413
0.034658
0.0331263
0.044042
0.0465272
0.0468413
0.0465272
0.0468413
0.0346614
0.0331255
0.0331254
0.0440438
0.0440439
0.046527
0.0468412
0.0465271
0.0468412
0.0346606
0.0440437
0.0465271
0.0468412
0.0465271
0.0468412
0.0346569
0.0440421
0.0440419
0.0465272
0.0468413
0.0468413
0.0465272
0.0346583
0.0331261
0.0440422
0.0465272
0.0468413
0.0465272
0.0468413
0.0216126
0.0151769
0.0271431
0.0339009
0.0271435
0.0337218
0.00932772
0.046841
0.0465357
0.0468431
0.0465229
0.0468418
0.0468418
0.0436235
0.0347024
0.0338955
0.0437913
0.0349078
0.0344836
0.0468412
0.0465361
0.0468431
0.0465229
0.0468418
0.0468418
0.00933035
0.0152621
0.0443971
0.0350968
0.0352029
0.0442931
0.034707
0.0346953
0.0351576
0.0444006
0.0352176
0.0442933
0.0347078
0.0346964
0.0169787
0.0163357
0.00970676
0.0165112
0.0163356
0.00970691
0.0451119
0.0163172
0.0452113
0.0169836
0.0170149
0.0451118
0.0163171
0.0452112
0.0169834
0.0170147
0.0351821
0.0352428
0.0351883
0.0352462
0.0203028
0.0347639
0.0213418
0.0429332
0.0441646
0.0167481
0.0150949
0.0185475
0.0429331
0.0441644
0.0167477
0.015094
0.0328189
0.023807
0.0430288
0.0454988
0.0332077
0.0300414
0.0193183
0.0394547
0.013869
0.0156299
0.020294
0.0068751
0.0301596
0.0197011
0.0465373
0.0468429
0.0468433
0.0465253
0.0468424
0.0468421
0.0136619
0.0132292
0.0127691
0.0128876
0.0137535
0.0132172
0.0138171
0.0136927
0.0465373
0.0468429
0.0468433
0.0465253
0.0468424
0.0468421
0.0127408
0.0122137
0.0109187
0.0138704
0.0156306
0.0272209
0.044394
0.0349776
0.0351295
0.0138833
0.0139339
0.0137406
0.013865
0.0443073
0.0348387
0.0347476
0.0135251
0.0135187
0.0136296
0.0135589
0.0139297
0.0139456
0.0443947
0.0349799
0.0351335
0.0137424
0.0138683
0.0443077
0.0348406
0.0347492
0.0135257
0.0135197
0.0136312
0.0135602
0.0165165
0.0162786
0.00706472
0.0165158
0.0162784
0.0070649
0.0445739
0.0349345
0.0358276
0.0445738
0.0349349
0.0358277
0.0168999
0.0136917
0.0144062
0.0136921
0.0144063
0.012669
0.0126434
0.0192119
0.0167009
0.0166209
0.0092149
0.0160426
0.015877
0.0164151
0.0145933
0.015876
0.0456401
0.0463846
0.0250374
0.00802705
0.0206479
0.0188245
0.00669637
0.00773329
0.0380465
0.0316171
0.0173438
0.0169932
0.0169938
0.0149365
0.0149371
0.0176501
0.0131823
0.0294982
0.00260435
0.0115745
0.00884179
0.00603066
0.0117595
0.0115918
0.0112565
0.0116624
0.00560446
0.00847972
0.00473871
0.00197712
0.0116581
0.010413
0.00458998
0.00878729
0.0117587
0.0115915
0.0112563
0.0115738
0.00887362
0.00295527
0.00927679
0.00608625
0.0115794
0.0157633
0.0137686
0.0214721
0.0397125
0.0337208
0.0435664
0.0354399
0.0439398
0.0442422
0.0351119
0.0353771
0.035323
0.0397423
0.0339005
0.04437
0.0442603
0.0117593
0.011759
0.0117576
0.0117589
0.0116832
0.0117561
0.0117574
0.0117564
0.0137066
0.0216
0.0137107
0.0214713
0.00781884
0.00171904
0.0110423
0.00417825
0.00441021
0.00368542
0.023529
0.0078543
0.0194245
0.0159302
0.0281618
0.0274113
0.0251522
0.0341759
0.0230592
0.0116862
0.0117562
0.0117574
0.0117564
0.0117585
0.0117587
0.0117576
0.0117587
0.0443714
0.0442609
0.043567
0.0354363
0.0439401
0.0442426
0.0351158
0.0353728
0.0353279
0.0397441
0.0115788
0.00474989
0.0182673
0.0157629
0.0216126
0.0328865
0.0137686
0.0151778
0.0214716
0.039714
0.00135962
0.00559484
0.00171634
0.013255
0.00650431
0.00256098
0.042052
0.045493
0.0227275
0.0258365
0.0131033
0.015261
0.0443812
0.0328885
0.0446708
0.0425968
0.0456515
0.00750658
0.0331237
0.033124
0.0331241
0.0443831
0.0446708
0.0328797
0.0259092
0.0131033
0.00162584
0.0109886
0.00944256
0.0331265
0.0449391
0.0331266
0.0466423
0.0465344
0.046647
0.00844007
0.00806778
0.0331254
0.0449391
0.0466423
0.0331253
0.0465344
0.046647
0.0115407
0.0114589
0.0117607
0.0117604
0.0116242
0.0111799
0.00527239
0.0117735
0.0116661
0.00525535
0.0117597
0.0117595
0.0115386
0.0114577
0.00275952
0.00294505
0.00132636
0.00145308
0.0150609
0.01534
0.0114407
0.0111298
0.00101049
0.0374887
0.0449028
0.0359164
0.035928
0.0364738
0.0359351
0.0458623
0.0458721
0.0456401
0.0458681
0.0426651
0.0417891
0.0425612
0.0458544
0.0457957
0.0441334
0.0457397
0.0359049
0.0359881
0.042311
0.0363979
0.0456593
0.0460557
0.0467814
0.046256
0.0117591
0.0117591
0.0117582
0.0117584
0.0155425
0.0117464
0.0117521
0.0117569
0.0117568
0.0130196
0.0322386
0.0456595
0.037032
0.0306063
0.0301642
0.0421639
0.0206287
0.00304768
0.0271668
0.021536
0.0302884
0.0325628
0.0461192
0.0411179
0.0122383
0.03207
0.0367894
0.0437413
0.033236
0.0251919
0.0131232
0.0395718
0.0314966
0.0179497
0.0277203
0.00977079
0.0128026
0.0461235
0.0434557
0.011749
0.0117534
0.0117569
0.0117568
0.015125
0.0117584
0.0117585
0.0117582
0.0117583
0.0459774
0.046781
0.0462287
0.0458605
0.0458701
0.0456394
0.045866
0.0418459
0.0417168
0.0425669
0.0417347
0.045853
0.0458046
0.0457653
0.0457875
0.0365243
0.0423574
0.0457123
0.0441174
0.0114391
0.0111293
0.00950175
0.00102447
0.037489
0.0449027
0.0360677
0.0359205
0.0364743
0.0359323
0.00569834
0.0335412
0.0345094
0.0326149
0.014111
0.0138512
0.016564
0.0140653
0.0350293
0.0345821
0.00354895
0.00912148
0.0386158
0.0465783
0.0124385
0.0435463
0.0350347
0.0345851
0.033541
0.0345116
0.0326153
0.0141077
0.0138538
0.0165608
0.0140614
0.00323894
0.00612046
0.00841969
0.0276828
0.0282388
0.0115696
0.0104486
0.002148
0.0117597
0.0117179
0.0105521
0.0117132
0.00841498
0.0113168
0.002064
0.0117151
0.0117079
0.0111687
0.0111052
0.00191527
0.00538264
0.0117588
0.0117173
0.0105521
0.0115679
0.0104597
0.00218098
0.027957
0.0217591
0.0241617
0.0200678
0.0292659
0.00751854
0.0353093
0.0115793
0.00927363
0.0468008
0.0326892
0.0460913
0.0143739
0.0296432
0.0432393
0.0426549
0.0416733
0.0416712
0.0419154
0.0422104
0.0466748
0.039261
0.046718
0.0416145
0.041614
0.0416197
0.0373694
0.0467055
0.046713
0.0466463
0.0441614
0.0463516
0.0441831
0.0466486
0.0463535
0.0463811
0.0352251
0.0466921
0.0416148
0.041614
0.0416332
0.0416386
0.0352747
0.0467049
0.0466996
0.041666
0.0416687
0.0416485
0.0416438
0.0468637
0.0443263
0.046791
0.0443104
0.0466779
0.0467605
0.0117592
0.0117591
0.0117578
0.0117588
0.00504352
0.0255898
0.0206295
0.0117129
0.0117556
0.0117573
0.0117566
0.0395652
0.0132616
0.0200232
0.031447
0.0120482
0.0133417
0.00262965
0.00205615
0.00425037
0.0114095
0.0115663
0.0027462
0.0385826
0.0550997
0.0479824
0.0222277
0.00804368
0.00345692
0.0179752
0.0265872
0.00743817
0.0464827
0.0311463
0.0345362
0.0178379
0.0354178
0.011718
0.0117559
0.0117573
0.0117566
0.0274548
0.0217794
0.0117585
0.0117586
0.0117578
0.0117586
0.0468636
0.0443277
0.0467839
0.0443118
0.0464661
0.0467392
0.0466751
0.0392627
0.046718
0.041616
0.0416151
0.0416212
0.0373708
0.0467055
0.0467131
0.0466466
0.0441614
0.0463509
0.0441831
0.0463851
0.0463456
0.0352322
0.0466966
0.0466991
0.041615
0.0416147
0.0352796
0.0467049
0.0467007
0.041632
0.0416372
0.0416645
0.0416672
0.0416467
0.0416421
0.0115779
0.00927367
0.029162
0.00756582
0.0352016
0.0468008
0.0460912
0.0143742
0.0296434
0.0432395
0.0426548
0.0416717
0.0416696
0.0419151
0.0422103
0.00413927
0.00445373
0.0103818
0.0129938
0.00608362
0.017388
0.0281495
0.0280328
0.0280571
0.0279916
0.024276
0.0242904
0.024371
0.0243069
0.0242755
0.0242905
0.0243129
0.0243096
0.0328135
0.0467993
0.0466252
0.0416586
0.0464324
0.0468432
0.0468431
0.0468258
0.0468431
0.0280954
0.028043
0.0280461
0.0280351
0.0280834
0.0275583
0.0258635
0.0270415
0.0331094
0.0464239
0.0468384
0.0468432
0.0468425
0.0468432
0.0468432
0.0468432
0.0468432
0.0465887
0.0468409
0.0468432
0.0331194
0.0468429
0.0468432
0.0468432
0.0468432
0.0468432
0.0273239
0.0261492
0.0244215
0.0255851
0.0468432
0.0468431
0.0468258
0.0468431
0.0467993
0.0466252
0.0416104
0.0326166
0.0464317
0.0468432
0.0468432
0.0468432
0.0468432
0.0331259
0.0468432
0.0468432
0.0331261
0.0468432
0.0468432
0.0468432
0.0468432
0.0331256
0.0468432
0.0468432
0.0331258
0.0468432
0.0468432
0.033126
0.0468432
0.0468432
0.0115624
0.0111865
0.0117601
0.0117537
0.00931092
0.0117654
0.0102245
0.0117925
0.0114989
0.0117592
0.0117529
0.00931101
0.0115601
0.0111881
0.00142391
0.00365789
0.00552637
0.00855601
0.00703189
0.00143315
0.00680214
0.00349227
0.00149196
0.00698767
0.00355108
0.00330987
0.00343659
0.0115525
0.0104643
0.00187235
0.000861858
0.0416756
0.041681
0.0417617
0.0417003
0.0416152
0.0416162
0.0457875
0.0421377
0.0458676
0.0467257
0.0421806
0.0467258
0.0457874
0.0457877
0.0467262
0.0422479
0.0458705
0.0422189
0.045788
0.0467259
0.0457888
0.041918
0.0457864
0.0467274
0.0421397
0.0467272
0.045789
0.0416185
0.0416173
0.0457886
0.0467266
0.0458477
0.0422564
0.0422299
0.046727
0.0457883
0.0457913
0.0467279
0.0467277
0.0457929
0.0457907
0.0467276
0.0457904
0.0467276
0.0457894
0.0467274
0.0457892
0.0467274
0.0457897
0.0467275
0.0467275
0.04579
0.0416166
0.0416194
0.0457874
0.042079
0.0467256
0.0458416
0.0419961
0.0457873
0.0467256
0.0457877
0.0467256
0.0417038
0.0458232
0.041875
0.0457882
0.0467256
0.0457907
0.0369901
0.0451445
0.0467257
0.0397962
0.0467257
0.0457917
0.0416279
0.0416233
0.0457897
0.0467256
0.0455832
0.0414526
0.04098
0.0467257
0.0457889
0.0416631
0.04166
0.0416527
0.0416566
0.0458153
0.0420215
0.0467286
0.0458176
0.0422799
0.0457982
0.0467311
0.0458595
0.0467526
0.0429677
0.0459261
0.0425318
0.0459473
0.046738
0.0296923
0.0432538
0.0462415
0.0467751
0.0464907
0.0438021
0.0448691
0.0468008
0.0460813
0.0117591
0.0117591
0.011758
0.0117586
0.00253592
0.0117344
0.0117546
0.0117571
0.0117567
0.00851445
0.0433731
0.0328756
0.0416224
0.0413222
0.0414233
0.044481
0.00401621
0.0297761
0.0132662
0.0111924
0.0270834
0.00951783
0.0140053
0.0178896
0.00334911
0.0164272
0.00837175
0.0270807
0.0107001
0.00322815
0.0328156
0.0426206
0.04223
0.0410484
0.0421646
0.0436117
0.0448862
0.0132643
0.0365488
0.0189482
0.0120182
0.0143315
0.0161411
0.0428709
0.0351104
0.0377457
0.0441477
0.0148379
0.0289332
0.00275952
0.010382
0.0117385
0.0117552
0.0117571
0.0117567
0.0117584
0.0117586
0.011758
0.0117584
0.0458154
0.0467286
0.0467311
0.0457982
0.0458596
0.0467526
0.0428582
0.0457342
0.0422582
0.0459474
0.046738
0.0373482
0.0432539
0.0296924
0.0462415
0.0467751
0.0464821
0.043758
0.0448533
0.0468008
0.0460814
0.0416171
0.0416182
0.0457878
0.0421192
0.0458654
0.0467257
0.0421598
0.0467258
0.0457875
0.045788
0.0467262
0.0422212
0.0458687
0.0421936
0.0457883
0.0467259
0.0457891
0.0419011
0.0457852
0.0467274
0.0421172
0.0467273
0.0457892
0.0416203
0.0416193
0.0457889
0.0467266
0.0458461
0.0422333
0.0422096
0.046727
0.0457886
0.0457914
0.0467279
0.0457929
0.0467277
0.0457907
0.0467276
0.0457903
0.0467276
0.0457895
0.0467274
0.0457893
0.0467275
0.0457897
0.0467275
0.0467275
0.04579
0.0457874
0.0420665
0.0467256
0.0458404
0.041993
0.0457874
0.0467256
0.0416165
0.041619
0.0457877
0.0467256
0.045824
0.0417374
0.0418803
0.0467256
0.0457882
0.0457905
0.0415368
0.045778
0.0467257
0.0415783
0.0467257
0.0457915
0.041627
0.0416227
0.0457896
0.0467256
0.0457799
0.0416075
0.0415622
0.0467257
0.0457888
0.0416616
0.0416585
0.041651
0.0416549
0.0115504
0.0104645
0.00188985
0.00086538
0.0416741
0.0416797
0.0417611
0.0416992
0.0673718
0.0637409
0.0270434
0.0123932
0.0269874
0.0123541
0.00157374
0.00512187
0.00816742
0.00669956
0.00987516
0.0170541
0.00203334
0.00735377
0.0121809
0.0029525
0.0123289
0.0751716
0.0832659
0.0123293
0.00260429
0.00735426
0.0121817
0.00295265
0.0209184
0.0407494
0.0375935
0.0418701
0.00275334
0.00817099
0.00996717
0.00335874
0.00871489
0.0066595
0.0160009
0.0291397
0.0142594
0.0167813
0.0447865
0.0461795
0.0438914
0.0444178
0.0444174
0.0141872
0.0165186
0.0465117
0.046412
0.0445798
0.037705
0.0445627
0.0389909
0.0332067
0.0445716
0.0445713
0.0463128
0.046388
0.0427373
0.0332057
0.0444388
0.0303329
0.0435593
0.0465067
0.0462105
0.045134
0.0356438
0.0444669
0.0168896
0.0387674
0.0170042
0.0389227
0.0450867
0.0445319
0.0466225
0.0464626
0.0449811
0.0440812
0.0450713
0.0466065
0.0464868
0.0466002
0.0442232
0.0465129
0.0449392
0.0449187
0.0466034
0.0465086
0.0449907
0.0383494
0.0443868
0.0351155
0.0383917
0.0449798
0.0443864
0.045051
0.035349
0.0444474
0.016831
0.0386894
0.0386362
0.0450643
0.0444411
0.0392209
0.0460154
0.0447358
0.0396313
0.0445681
0.0446039
0.0466203
0.0465338
0.0443568
0.0450661
0.0450526
0.0466223
0.0465318
0.0407659
0.0313977
0.0438403
0.0442209
0.046609
0.0442776
0.0465163
0.0449586
0.0449765
0.0466064
0.0465193
0.0097111
0.0343338
0.0368836
0.00385234
0.00930229
0.0440552
0.0329838
0.0443045
0.0216759
0.0222779
0.0112154
0.00962988
0.00768116
0.0279258
0.0271549
0.0261565
0.013716
0.0101867
0.0333058
0.0337388
0.0387704
0.0220682
0.0301536
0.0400684
0.00800702
0.00691053
0.0328561
0.0435302
0.0430234
0.0436588
0.0305853
0.00849656
0.0352353
0.0352827
0.00915022
0.00841567
0.0253759
0.0293868
0.025456
0.00917121
0.0152429
0.00862468
0.0254001
0.0238023
0.00930288
0.00329556
0.0264336
0.00692543
0.0468057
0.0466858
0.0460589
0.0466204
0.046534
0.0450671
0.0443578
0.0450535
0.0466224
0.046532
0.0407964
0.0313976
0.0438402
0.0442207
0.0466091
0.0442785
0.0465141
0.0449587
0.0449766
0.0466064
0.0465181
0.0463129
0.0463882
0.0427383
0.0444389
0.0303333
0.0435596
0.0465068
0.0462108
0.0451361
0.0356416
0.0444667
0.0168947
0.0387742
0.0389305
0.0450887
0.0445321
0.0466226
0.0464627
0.0440813
0.0449813
0.0450714
0.0466066
0.0464868
0.0466002
0.0442236
0.0465104
0.0449393
0.0449187
0.0466034
0.0465072
0.0449906
0.0383457
0.0351198
0.0443912
0.0165947
0.0383892
0.0449793
0.0443887
0.0450517
0.0353458
0.0444469
0.0168343
0.0386939
0.0386388
0.0450657
0.0444408
0.0466901
0.0392249
0.0463937
0.0396348
0.0447717
0.0460402
0.0160243
0.0292085
0.0447867
0.0142605
0.0167807
0.0461795
0.0328854
0.044418
0.044418
0.0141875
0.0165186
0.0465117
0.0464121
0.0377058
0.0328203
0.0445801
0.0445621
0.0389917
0.0446287
0.0445695
0.00740844
0.00508433
0.00737523
0.00293336
0.00378254
0.00886143
0.0107167
0.00567787
0.0122715
0.00883981
0.0204489
0.0201442
0.0137751
0.00705943
0.017414
0.0544871
0.0584727
0.0358583
0.00558516
0.0141562
0.0360943
0.0444085
0.0444124
0.0444151
0.0300525
0.042869
0.0417328
0.0374163
0.0464354
0.00356136
0.00280121
0.0452839
0.046869
0.0444048
0.0468707
0.033127
0.0444885
0.0444884
0.0330683
0.0444033
0.0439246
0.0444686
0.0444199
0.0468709
0.0468707
0.0543594
0.0582716
0.0194273
0.0025192
0.0106517
0.0595556
0.0589794
0.0351972
0.0330602
0.0444049
0.0440123
0.0444511
0.0444886
0.0444889
0.0444889
0.0444889
0.0440397
0.044489
0.0444889
0.0263438
0.0736787
0.0737533
0.0610442
0.0330528
0.0441011
0.0443416
0.0331233
0.0440399
0.0444887
0.0444889
0.0111225
0.0440411
0.0444889
0.0444889
0.0331243
0.0440402
0.044489
0.044489
0.046869
0.044406
0.0468707
0.044044
0.044488
0.044488
0.0330675
0.0444031
0.0439284
0.0444683
0.0444204
0.0468709
0.0468707
0.0360492
0.0444083
0.0444125
0.0444156
0.0300817
0.0428614
0.041756
0.0374672
0.0464353
0.00356155
0.00280166
0.0452839
0.00685593
0.0166592
0.00450198
0.0143513
0.0242192
0.00619204
0.0331265
0.0440439
0.0444885
0.0444885
0.0468712
0.0462224
0.0468725
0.0331266
0.0440431
0.0444889
0.0444889
0.0464637
0.0468727
0.0468727
0.044041
0.0444889
0.0444889
0.0331265
0.0440425
0.044489
0.044489
0.0468727
0.0466339
0.0468727
0.0468727
0.0466482
0.0468727
0.00875741
0.00723597
0.0440439
0.044488
0.044488
0.0440431
0.0444886
0.0444888
0.0468712
0.0462224
0.0468725
0.0468727
0.0464637
0.0468727
0.0331255
0.044489
0.0444889
0.0468727
0.0466339
0.0468727
0.0331262
0.0444889
0.0444889
0.0466482
0.0468727
0.0468727
0.0118505
0.00227586
0.0117706
0.00225882
0.00660011
0.00541354
0.0025731
0.00671936
0.00610897
0.0462371
0.0156981
0.0397956
0.0467608
0.0231388
0.0467814
0.0460799
0.0306311
0.0312826
0.0438076
0.0441738
0.0463756
0.0468095
0.0427391
0.0410782
0.034376
0.046799
0.0464614
0.0457984
0.0144811
0.0359225
0.0467258
0.0144855
0.0467257
0.0457981
0.0144897
0.0359255
0.0144878
0.0458628
0.0149087
0.0467436
0.0360884
0.0146148
0.0459484
0.0467329
0.0359667
0.0144957
0.014521
0.0457971
0.0144727
0.0467258
0.0358893
0.0144608
0.0457976
0.046726
0.03589
0.0145255
0.0144592
0.0457934
0.0314655
0.0467258
0.0398016
0.022144
0.0457926
0.0467258
0.0375652
0.0148217
0.0157226
0.046383
0.0462416
0.0468345
0.0466761
0.0464712
0.045732
0.0468221
0.00669317
0.00613891
0.00298392
0.0446913
0.0463231
0.044075
0.0430034
0.0456774
0.0397449
0.0458127
0.00715576
0.00856435
0.0273159
0.0230898
0.0313848
0.0378793
0.0189448
0.0210513
0.0201961
0.0348869
0.00765042
0.0310662
0.0238928
0.0103353
0.0355493
0.0367447
0.034579
0.0273681
0.0233388
0.0249445
0.00299514
0.00581177
0.00888486
0.0255139
0.0313369
0.0231496
0.00844924
0.00267604
0.0216089
0.00785295
0.0239067
0.00994006
0.00575733
0.0394823
0.0463771
0.0451787
0.0341888
0.0425381
0.0229585
0.0459766
0.0188549
0.00939056
0.0368781
0.0314153
0.0391856
0.0203247
0.00913136
0.0294821
0.0362665
0.003363
0.0279131
0.0255398
0.00977881
0.0376422
0.0404729
0.0277706
0.0264965
0.0105267
0.0290163
0.00666173
0.00271534
0.0187941
0.00788305
0.0350136
0.0066313
0.00545285
0.046383
0.0462416
0.0468345
0.0466738
0.0464712
0.0457284
0.0468221
0.0457967
0.0149186
0.0377222
0.0467258
0.0158478
0.0467259
0.0457972
0.0312365
0.039924
0.0221474
0.0457931
0.0413144
0.0467257
0.0455441
0.0407251
0.0457923
0.0467258
0.0450996
0.0365953
0.0393932
0.0129493
0.00213603
0.00481286
0.0462371
0.0156983
0.0397957
0.0467608
0.0231386
0.0467814
0.0460799
0.0306318
0.031283
0.0438081
0.0441741
0.0463757
0.0468095
0.042739
0.041078
0.0343757
0.046799
0.0464615
0.0457979
0.0145842
0.0467257
0.0359361
0.0144923
0.0457976
0.0467257
0.0359152
0.0144839
0.0144791
0.0458626
0.0149089
0.0467436
0.0360887
0.014615
0.0459483
0.0467328
0.0359662
0.0144935
0.0145206
0.00672118
0.00512531
0.00325296
0.00208134
0.00121948
0.0341961
0.0342782
0.0203011
0.0155699
0.0139422
0.0139817
0.0348481
0.0347836
0.0153617
0.00350713
0.0247641
0.0339392
0.0294351
0.0463712
0.0444428
0.0142264
0.0315683
0.0350857
0.0371684
0.0456623
0.0403851
0.043431
0.0348534
0.0347892
0.0341958
0.0342783
0.0203034
0.0155707
0.0139479
0.0166775
0.0139857
0.00770027
0.00525393
0.00336407
0.00210098
0.0012356
0.0116511
0.0252636
0.0124526
0.0355413
0.0367502
0.0032743
0.0273031
0.012249
0.00948651
0.0255554
0.00410705
0.00709396
0.0236909
0.0118843
0.00936593
0.0225468
0.0122481
0.0133762
0.019676
0.00806733
0.00706224
0.00290107
0.0278061
0.0368664
0.0401693
0.0242037
0.0337412
0.0370563
0.0258676
0.00904066
0.00408435
0.00865755
0.00944222
0.0465142
0.0465408
0.0467501
0.0467615
0.0468121
0.0465115
0.0464068
0.0443463
0.0444051
0.0468137
0.0444815
0.0464995
0.0465116
0.0465956
0.0468133
0.0459156
0.0467063
0.0468588
0.0468566
0.0468118
0.0468068
0.0468373
0.0467871
0.046035
0.0412683
0.0454499
0.0212609
0.0409728
0.0267876
0.0424152
0.0457015
0.0458891
0.0468476
0.0467186
0.0468527
0.0467713
0.0466805
0.046721
0.0467435
0.045234
0.0361877
0.0450117
0.0177001
0.0398585
0.017256
0.0392601
0.0454149
0.0446972
0.0467064
0.0468376
0.0468383
0.0466306
0.0465346
0.0466234
0.0465442
0.0468429
0.0467087
0.0468399
0.0466464
0.0466162
0.0466759
0.0465692
0.0468597
0.0464606
0.0468598
0.0468506
0.0468082
0.0468488
0.0467933
0.0466108
0.0441341
0.0464978
0.0449151
0.04499
0.0465994
0.0464941
0.0468596
0.0463775
0.0468596
0.0468492
0.0467785
0.046848
0.0467824
0.0465972
0.0442035
0.0465011
0.0448913
0.0448995
0.0465958
0.0465046
0.0464666
0.0468596
0.0468596
0.0468482
0.0468134
0.0468485
0.0467958
0.0468596
0.0463842
0.0468596
0.0468478
0.046779
0.0468477
0.0467839
0.0465823
0.046836
0.0468362
0.0466092
0.0464866
0.0466074
0.0465117
0.0450038
0.035169
0.0444153
0.016677
0.038494
0.0384424
0.0450166
0.044401
0.0468366
0.0466656
0.0468364
0.0466113
0.046528
0.0466132
0.0465234
0.0450399
0.0353168
0.0444267
0.016716
0.0385434
0.0385901
0.0450287
0.0444352
0.0468373
0.046704
0.0468371
0.0466182
0.0465321
0.0466201
0.0465316
0.0468368
0.0467024
0.046837
0.0466167
0.04653
0.046615
0.046531
0.0468707
0.04685
0.0468695
0.0468508
0.0468423
0.0468511
0.046841
0.0466183
0.0443419
0.046527
0.0450243
0.0450387
0.0466161
0.0465295
0.0468647
0.0468245
0.0468674
0.0468505
0.0468348
0.0468501
0.0468384
0.0466115
0.0442942
0.0465244
0.0450092
0.0449933
0.0466139
0.0465219
0.0468597
0.0467135
0.0468599
0.0468491
0.0468214
0.0468488
0.0468259
0.0468622
0.0467375
0.0468607
0.0468493
0.0468315
0.0468497
0.0468288
0.0333655
0.0249659
0.0120958
0.00937708
0.0235234
0.0326535
0.0336978
0.0393482
0.0452233
0.0451697
0.0407728
0.0270479
0.0122152
0.00950647
0.0254737
0.0468707
0.0468495
0.0468695
0.0468509
0.0468423
0.0468511
0.0468409
0.0466183
0.0443431
0.0465272
0.0450243
0.0450391
0.0466161
0.0465297
0.0468647
0.0468225
0.0468674
0.0468505
0.046834
0.0468501
0.0468381
0.0466115
0.0442955
0.0465244
0.045009
0.0449932
0.0466139
0.0465215
0.0466511
0.0468597
0.0468599
0.0468491
0.046796
0.0468488
0.0468139
0.0468622
0.0466888
0.0468607
0.0468494
0.0468289
0.0468497
0.0468228
0.0467065
0.0468588
0.0468566
0.0468119
0.0468069
0.0468373
0.0467872
0.0460354
0.0412696
0.0454506
0.0212624
0.0409747
0.0424162
0.0457021
0.0458896
0.0468476
0.0467187
0.0468527
0.0467714
0.0466807
0.0467211
0.0467437
0.0452357
0.0361875
0.0450125
0.0177026
0.039862
0.0392662
0.045416
0.0446978
0.0467065
0.0468377
0.0468383
0.0466309
0.0465347
0.0466237
0.0465444
0.046843
0.0467088
0.0468399
0.0466467
0.0466164
0.0466761
0.0465694
0.0468597
0.0464616
0.0468598
0.0468506
0.0468083
0.0468488
0.0467935
0.0466109
0.044134
0.0464979
0.0449151
0.04499
0.0465994
0.0464942
0.0468596
0.0463786
0.0468596
0.0468492
0.0467784
0.046848
0.0467826
0.0465972
0.0442037
0.0465011
0.0448913
0.0448995
0.0465958
0.0465042
0.0468596
0.0463582
0.0468596
0.0468482
0.0467844
0.0468485
0.04678
0.0468596
0.0463501
0.0468596
0.0468478
0.0467778
0.0468477
0.0467784
0.045004
0.0351755
0.0444169
0.0384947
0.0166357
0.0384418
0.0450169
0.0444028
0.046698
0.046836
0.0468362
0.0466093
0.0465249
0.0466074
0.0465246
0.0468367
0.0466983
0.0468364
0.0466114
0.0465288
0.0466133
0.0465268
0.0450403
0.0353175
0.0444278
0.0167171
0.0385448
0.0385919
0.045029
0.0444356
0.0468373
0.0467039
0.0468372
0.0466183
0.0465321
0.0466203
0.0465316
0.0468368
0.0467025
0.046837
0.0466167
0.0465302
0.0466151
0.0465311
0.0134118
0.0122063
0.0195079
0.00800071
0.00696455
0.00286289
0.0277792
0.0368046
0.0401616
0.0240197
0.0337208
0.0370581
0.0257786
0.00407264
0.008546
0.00939217
0.0443461
0.0444048
0.0465142
0.0465408
0.0467502
0.0467615
0.0468121
0.0465117
0.0464068
0.0468137
0.0444813
0.0464995
0.0465116
0.0465956
0.0468133
0.0459155
0.0281746
0.0123353
0.0281305
0.0123227
0.028057
0.0121563
0.0280335
0.0122832
0.0242781
0.0119198
0.0242825
0.0119305
0.0243502
0.0119906
0.0243328
0.0119443
0.0242769
0.0119194
0.0242813
0.0119311
0.0243446
0.0119689
0.0243366
0.0119472
0.0440692
0.0444044
0.0443659
0.0464981
0.0465686
0.0467154
0.0467751
0.0465709
0.0465077
0.0466358
0.0464773
0.0465484
0.0467223
0.0462107
0.0465655
0.046434
0.0465049
0.0450251
0.0427449
0.043588
0.0447015
0.0453065
0.0424353
0.0451694
0.0319371
0.0437461
0.0435677
0.044195
0.0460226
0.0459568
0.0464826
0.0460205
0.0462178
0.0457497
0.0463401
0.0444885
0.0444886
0.0465271
0.0465732
0.0468432
0.0468412
0.0465732
0.0468412
0.0465271
0.0465731
0.0468432
0.0465732
0.0464699
0.0468395
0.0465109
0.0465238
0.0468396
0.0465483
0.0468409
0.0331184
0.0440186
0.0444856
0.0444885
0.0468426
0.0465726
0.0465687
0.0280782
0.0122143
0.0280578
0.0121215
0.0280373
0.0121308
0.0280333
0.0121136
0.0280186
0.0122726
0.027873
0.0124476
0.0260879
0.0122215
0.0264748
0.0124218
0.0330916
0.0444729
0.0444825
0.0464986
0.0451057
0.0461782
0.0464067
0.0467225
0.0465527
0.046197
0.0464935
0.0465713
0.0468157
0.046797
0.0465675
0.0465197
0.0466497
0.0465271
0.0465727
0.0468432
0.0468413
0.0465726
0.0468412
0.0465272
0.0331215
0.0440389
0.044488
0.0444865
0.0465269
0.0468431
0.0465723
0.0468336
0.0465726
0.0468403
0.0465258
0.0331247
0.0440401
0.0444889
0.0444889
0.0465272
0.0465728
0.0468432
0.0468413
0.0465728
0.0468413
0.0465272
0.0465727
0.0468432
0.0465727
0.0465272
0.0465727
0.0468413
0.0468432
0.0465272
0.0465727
0.0468413
0.0440398
0.044489
0.044489
0.0468432
0.0465727
0.0465727
0.0465124
0.0411341
0.0446938
0.0458438
0.0467732
0.046555
0.0446767
0.0330931
0.0444431
0.0444767
0.0463234
0.0468286
0.0465712
0.0466722
0.0465675
0.0461659
0.0464796
0.0465271
0.0465727
0.0468432
0.0468412
0.0465727
0.0468408
0.0465272
0.0440397
0.0444881
0.0444858
0.046526
0.0468432
0.0465723
0.0468083
0.0465726
0.0468365
0.0465187
0.0440408
0.0444889
0.0444889
0.0465272
0.0465729
0.0468432
0.0468413
0.0465729
0.0468413
0.0465272
0.0465728
0.0468432
0.0465729
0.0465272
0.0465728
0.0468413
0.0468432
0.0465272
0.0465728
0.0468413
0.0440403
0.044489
0.044489
0.0468432
0.0465728
0.0465728
0.0269806
0.0122838
0.026585
0.012223
0.0245742
0.0120026
0.0249751
0.0121638
0.044044
0.0444881
0.0444882
0.046527
0.0465732
0.0468432
0.0468412
0.0465732
0.0468412
0.046527
0.0465731
0.0468432
0.0465732
0.0464703
0.0468395
0.0465109
0.0465238
0.0468396
0.0465486
0.0468409
0.0440198
0.0444853
0.0444881
0.0468426
0.0465726
0.0465687
0.0444041
0.044366
0.0464982
0.0465686
0.0467154
0.0467751
0.0465709
0.0465079
0.0466358
0.0464772
0.0465483
0.0467223
0.0462106
0.0465655
0.046434
0.0465049
0.0450305
0.0427131
0.0435879
0.0446849
0.0452948
0.0424445
0.0451698
0.0437429
0.0435751
0.0441966
0.0460244
0.0459526
0.046482
0.0460204
0.0462146
0.0457498
0.0463405
0.0444885
0.0444886
0.0465271
0.0465732
0.0468412
0.0468432
0.0465732
0.0465271
0.0468412
0.0465732
0.0468432
0.0465732
0.0331266
0.0440433
0.0444888
0.0444887
0.0465272
0.0465731
0.0468432
0.0468413
0.0465732
0.0468413
0.0465272
0.0465732
0.0468432
0.0465732
0.0331257
0.044489
0.044489
0.0465272
0.0465728
0.0468413
0.0468432
0.0465729
0.0465272
0.0468413
0.046573
0.0468432
0.0465729
0.0440423
0.044489
0.044489
0.0465272
0.0465731
0.0468413
0.0468432
0.0465731
0.0465272
0.0468413
0.046573
0.0468432
0.0465731
0.0444881
0.0444882
0.046527
0.0465732
0.0468412
0.0468432
0.0465732
0.046527
0.0468412
0.0465732
0.0468432
0.0465732
0.0331258
0.0440434
0.0444885
0.0444883
0.0465272
0.0465731
0.0468432
0.0468412
0.0465732
0.0468412
0.0465272
0.0465732
0.0468432
0.0465732
0.0331256
0.044489
0.044489
0.0465272
0.046573
0.0468413
0.0468432
0.046573
0.0465272
0.0468413
0.046573
0.0468432
0.046573
0.0440424
0.044489
0.044489
0.0465272
0.0465731
0.0468413
0.0468432
0.0465731
0.0465272
0.0468413
0.0465731
0.0468432
0.0465731
0.0176752
0.0398124
0.0149389
0.0375909
0.0410682
0.0365219
0.0153768
0.0140357
0.0349387
0.0353208
0.0302529
0.0435495
0.0393964
0.0295338
0.0424892
0.0416848
0.0335667
0.0446478
0.0396426
0.0452917
0.0446795
0.045274
0.0165558
0.0383408
0.0444481
0.0449793
0.0450075
0.0362003
0.0384255
0.0446406
0.0341291
0.0447785
0.0397569
0.0452993
0.0447185
0.0453027
0.0165526
0.0383371
0.0444574
0.0449787
0.045007
0.0362046
0.0384228
0.0446566
0.034129
0.0447784
0.0397591
0.0453037
0.0447185
0.0453124
0.0176749
0.0398119
0.0375905
0.0149388
0.0410679
0.0365219
0.0153776
0.0140356
0.0349386
0.0353207
0.0435496
0.0302539
0.0295336
0.039396
0.042489
0.0416846
0.0446481
0.0335679
0.0396431
0.0452933
0.0446797
0.0452745
0.00359792
0.00911105
0.0156304
0.0272194
0.0339548
0.0116478
0.0317798
0.0465354
0.0450804
0.0466243
0.046627
0.04439
0.0450991
0.0465366
0.0467754
0.0445259
0.0462864
0.0465778
0.0460447
0.0468113
0.0465557
0.0468709
0.0468345
0.0463428
0.0468267
0.046819
0.0468717
0.0468271
0.0376929
0.0377388
0.0370852
0.0430203
0.0396589
0.0430551
0.0432982
0.0468699
0.0468218
0.0468067
0.0468713
0.0468521
0.0466259
0.0466316
0.0468516
0.0435269
0.0463758
0.0434784
0.0463862
0.0407712
0.042022
0.043477
0.044327
0.0468709
0.0463928
0.0468361
0.0468265
0.0468265
0.0468269
0.0468717
0.0366106
0.0387875
0.0367836
0.0429177
0.0413073
0.0437311
0.0428065
0.0435153
0.046374
0.0434675
0.0463843
0.0363458
0.0343761
0.0401623
0.0424679
0.0468699
0.0468216
0.0468065
0.0468713
0.0468521
0.0466255
0.0466311
0.0468516
0.0465357
0.045081
0.0466244
0.0466269
0.0443923
0.0450987
0.0465369
0.0467752
0.0445259
0.0465777
0.0462858
0.0460435
0.0468112
0.0465557
0.00359795
0.00911108
0.0156318
0.0339547
0.0116479
0.0317798
0.0468398
0.0464325
0.0466192
0.0453607
0.0465077
0.0468309
0.0466818
0.046848
0.0466276
0.0468534
0.0465942
0.0465885
0.0468485
0.0468521
0.046851
0.0466222
0.0468428
0.0465625
0.0466192
0.0468513
0.0468456
0.0468494
0.0468538
0.0466497
0.0465989
0.046603
0.046849
0.046854
0.0468398
0.0466192
0.0464322
0.0453607
0.0465076
0.0468308
0.0466818
0.046848
0.0468534
0.0466275
0.0465941
0.0465884
0.0468485
0.0468521
0.046851
0.0466222
0.0468428
0.0465624
0.0466192
0.0468513
0.0468456
0.0468494
0.0466497
0.0468538
0.0465989
0.046603
0.046849
0.046854
0.01878
0.039233
0.0339287
0.0388429
0.0126652
0.0129344
0.0344345
0.0381461
0.0380674
0.0163968
0.0133766
0.013318
0.0305996
0.0113648
0.0120454
0.0107031
0.0142587
0.016597
0.0138569
0.0167895
0.014043
0.0349739
0.0386556
0.0167535
0.0386008
0.0167966
0.0137856
0.0137418
0.034652
0.0164555
0.0382214
0.0165109
0.0382924
0.0134336
0.0134884
0.0168011
0.0386611
0.0349773
0.0167568
0.0386049
0.0137899
0.0137443
0.0346557
0.0382217
0.0382927
0.0164556
0.0134358
0.0134913
0.0339282
0.0332053
0.0392319
0.0169776
0.0388419
0.0187789
0.0126648
0.0129337
0.0344359
0.0163968
0.0381461
0.0380672
0.0133782
0.013319
0.030601
0.0113647
0.0120454
0.0107039
0.0170101
0.0142564
0.0138599
0.0167914
0.0140401
0.0114721
0.0117643
0.016597
0.017343
0.0165981
0.0194635
0.0114731
0.011765
0.0267566
0.0428684
0.017105
0.0390602
0.0144533
0.0356215
0.0386304
0.0358853
0.045223
0.0467122
0.0466659
0.0453891
0.0448236
0.0457041
0.0446001
0.0466176
0.045761
0.0466345
0.0451769
0.0444643
0.0450544
0.0444937
0.0161095
0.0378022
0.0141361
0.0355235
0.0382894
0.0354569
0.0465298
0.0442792
0.0444159
0.0466051
0.0465066
0.0465652
0.044848
0.0444618
0.044964
0.0444546
0.0467611
0.0445319
0.0467974
0.0462972
0.045194
0.0460421
0.0456417
0.0319782
0.0441621
0.0349975
0.0445758
0.0444478
0.0435342
0.0468245
0.0445449
0.0468168
0.0464408
0.0462216
0.0465033
0.0460097
0.0334128
0.0446147
0.0394726
0.0450511
0.0445638
0.0452211
0.0445733
0.0468291
0.0468285
0.0465404
0.0463532
0.0465461
0.0463511
0.046827
0.0445736
0.0468279
0.0465348
0.0463131
0.0465259
0.0463431
0.0450837
0.0383076
0.017273
0.0392275
0.0451631
0.0387067
0.0451766
0.0449486
0.0468359
0.0455186
0.0468363
0.0464476
0.0466072
0.0466116
0.0464064
0.0468392
0.0450417
0.0468375
0.0466234
0.0463621
0.0466381
0.0463782
0.0449716
0.0397373
0.034913
0.019464
0.0397279
0.0452672
0.045174
0.0452981
0.0468301
0.0445639
0.0468324
0.0465716
0.0463537
0.0465544
0.0463536
0.0468396
0.0445667
0.0468366
0.0466106
0.0463557
0.0466412
0.0463538
0.0226172
0.036461
0.0441966
0.0322756
0.0459161
0.0465482
0.0468168
0.0466427
0.046674
0.0468482
0.0468359
0.0466649
0.0468363
0.0465342
0.0466072
0.0466116
0.0465587
0.0450833
0.038311
0.0172722
0.0392264
0.0451881
0.038705
0.0451763
0.0449707
0.0468392
0.0465858
0.0468375
0.0466233
0.0465955
0.046638
0.0465894
0.0349125
0.0449714
0.03974
0.0397272
0.04529
0.0451738
0.0453148
0.0450829
0.0468301
0.0468324
0.0465716
0.0463873
0.0465544
0.0464348
0.0468396
0.0455547
0.0468366
0.0466105
0.0465635
0.0466412
0.0465013
0.0452231
0.0467122
0.0466659
0.0453889
0.0448237
0.0457039
0.0446004
0.0171044
0.0390595
0.0144543
0.035623
0.0386297
0.0358866
0.0466176
0.0457611
0.0466344
0.0451767
0.0444648
0.0450543
0.0444942
0.01611
0.0378028
0.0141361
0.035524
0.0382893
0.035457
0.0465297
0.0442791
0.0444158
0.0466051
0.0465066
0.0465652
0.044848
0.044462
0.044964
0.0444546
0.0319796
0.0441624
0.0349979
0.0445759
0.0444482
0.0435342
0.0467611
0.0445321
0.0467973
0.0462971
0.0451941
0.046042
0.0456417
0.0468245
0.0445449
0.0468168
0.0464408
0.0462216
0.0465033
0.0460097
0.044615
0.0334138
0.039473
0.0450513
0.0445642
0.0452213
0.0468291
0.0445817
0.0468285
0.0465405
0.0463632
0.0465461
0.0463529
0.046827
0.0445718
0.0468279
0.0465349
0.0463129
0.046526
0.046343
0.0433229
0.0119277
0.0193984
0.0405037
0.0276281
0.0146369
0.0122973
0.043007
0.0359595
0.0325482
0.0462459
0.043892
0.0430059
0.00712482
0.00889671
0.0204039
0.0277084
0.0458779
0.038887
0.0413654
0.0468711
0.0468429
0.0468704
0.0468513
0.0468712
0.0468516
0.0468431
0.0466322
0.044397
0.0452103
0.0465385
0.0451332
0.0466451
0.0465375
0.0468706
0.0468713
0.0468712
0.046852
0.0468432
0.0468533
0.0468432
0.0467234
0.0444538
0.0453804
0.0465406
0.0456972
0.0466743
0.0465453
0.0468708
0.0468725
0.0468723
0.0468666
0.046847
0.0468701
0.0468448
0.0468715
0.0468707
0.0468719
0.0468613
0.0468434
0.0468563
0.0468439
0.0396167
0.043557
0.0468725
0.0468727
0.0468723
0.0468739
0.0468721
0.0468706
0.0468747
0.0468626
0.0461856
0.0466577
0.0467723
0.0467794
0.0468091
0.0468201
0.0468718
0.0468398
0.046868
0.0468662
0.046837
0.0468644
0.0468172
0.0456355
0.0430448
0.0463508
0.046543
0.0454498
0.0465553
0.0457051
0.0419053
0.0412808
0.0378346
0.0462657
0.044731
0.0433512
0.0450407
0.0467109
0.0467037
0.0461999
0.045748
0.0467241
0.0463069
0.0465861
0.0468727
0.0468727
0.0468727
0.0468746
0.0468726
0.0468747
0.0468728
0.0468666
0.0467231
0.0467739
0.0468614
0.0468727
0.0468727
0.0468727
0.0468744
0.0468728
0.0468728
0.046874
0.0468534
0.0466737
0.0466443
0.0468564
0.0468727
0.0468727
0.0468727
0.0468734
0.0468727
0.0468727
0.0468733
0.0468727
0.0468727
0.0468727
0.0468735
0.0468727
0.0468727
0.0468737
0.0435654
0.0463757
0.046389
0.0436475
0.0128074
0.0333412
0.0332641
0.0128139
0.0333804
0.0335286
0.0438633
0.0462676
0.0457957
0.0437912
0.0342109
0.0141656
0.0351078
0.0347721
0.0110521
0.0340077
0.0468626
0.0463237
0.0467305
0.0467649
0.0468051
0.0468085
0.0468191
0.0468726
0.0468727
0.0468719
0.0468739
0.0468723
0.0468713
0.0468747
0.0468723
0.0468191
0.0468648
0.0468662
0.0468532
0.0468682
0.0468159
0.0456093
0.0442089
0.0465217
0.0465027
0.0458104
0.0465505
0.0455442
0.0429355
0.0381652
0.0373847
0.0464841
0.043518
0.0431741
0.0454963
0.0467773
0.0466019
0.0458087
0.0456962
0.0467815
0.0464819
0.0465754
0.0435214
0.046333
0.0463824
0.0434163
0.0127678
0.0332917
0.0332265
0.0126691
0.0331974
0.0326597
0.0423427
0.0460753
0.0451507
0.0430386
0.0274454
0.0123509
0.0314299
0.0311184
0.00893842
0.0311142
0.0468727
0.0468727
0.0468727
0.0468746
0.0468726
0.0468747
0.0468728
0.0468666
0.0467229
0.0467737
0.0468614
0.0468727
0.0468727
0.0468727
0.0468744
0.0468728
0.0468728
0.046874
0.0468534
0.0466735
0.0466442
0.0468564
0.0468727
0.0468727
0.0468727
0.0468734
0.0468727
0.0468727
0.0468733
0.0468727
0.0468727
0.0468727
0.0468735
0.0468727
0.0468727
0.0468737
0.0468711
0.0468429
0.0468704
0.0468513
0.0468712
0.0468515
0.0468431
0.0466319
0.0443989
0.0465387
0.0452082
0.0451318
0.0466447
0.0465378
0.0468707
0.0468713
0.0468712
0.046852
0.0468433
0.0468533
0.0468432
0.0467232
0.044454
0.0465406
0.0453782
0.0456953
0.0466739
0.0465453
0.0468708
0.0468725
0.0468723
0.0468665
0.046847
0.0468701
0.0468448
0.0468715
0.0468707
0.0468719
0.0468613
0.0468434
0.0468563
0.0468438
0.011943
0.0193806
0.0404894
0.0276229
0.014637
0.0122974
0.0430041
0.0359597
0.0325476
0.0462458
0.0438918
0.0430057
0.00712578
0.00889697
0.0202948
0.0204042
0.0277087
0.0458779
0.0388872
0.0413654
0.0468726
0.0468717
0.0468726
0.0468726
0.0468512
0.0468719
0.0468576
0.0468435
0.0458384
0.0465615
0.0468028
0.0465431
0.0468453
0.04675
0.0468727
0.0468722
0.0468726
0.0468728
0.0468694
0.0468729
0.0468644
0.0468473
0.0465812
0.0465733
0.0468336
0.0465817
0.0468465
0.0468473
0.0468727
0.0468727
0.0468727
0.0468731
0.0468735
0.0468731
0.0468734
0.0468727
0.0468727
0.0468727
0.0468731
0.0468721
0.046873
0.0468731
0.0468727
0.0468727
0.0468727
0.0468733
0.0468727
0.0468733
0.0468729
0.0468507
0.0466033
0.0466129
0.0468527
0.0466161
0.0468504
0.0468496
0.0468727
0.0468727
0.0468727
0.0468733
0.0468734
0.0468733
0.0468732
0.0468727
0.0468727
0.0468727
0.0468732
0.0468735
0.0468732
0.0468735
0.0468497
0.0466511
0.0466098
0.046854
0.0466065
0.0468501
0.0468542
0.0468727
0.0468727
0.0468727
0.0468732
0.0468735
0.0468732
0.0468735
0.0468726
0.0468717
0.0468726
0.0468726
0.0468512
0.0468719
0.0468576
0.0468435
0.0458385
0.0468028
0.0465614
0.046543
0.0468453
0.04675
0.0468727
0.0468722
0.0468726
0.0468728
0.0468694
0.0468729
0.0468644
0.0468727
0.0468727
0.0468727
0.0468731
0.0468735
0.0468731
0.0468734
0.0468473
0.0465812
0.0468336
0.0465732
0.0465816
0.0468465
0.0468473
0.0468727
0.0468727
0.0468727
0.0468731
0.0468721
0.046873
0.0468731
0.0468727
0.0468727
0.0468727
0.0468733
0.0468727
0.0468733
0.0468729
0.0468507
0.0466033
0.0466128
0.0468527
0.046616
0.0468504
0.0468496
0.0468727
0.0468727
0.0468727
0.0468733
0.0468734
0.0468733
0.0468732
0.0468497
0.0466511
0.0466097
0.046854
0.0466065
0.04685
0.0468542
0.0468727
0.0468727
0.0468727
0.0468732
0.0468735
0.0468732
0.0468735
0.0468727
0.0468727
0.0468727
0.0468732
0.0468735
0.0468732
0.0468735
0.0340969
0.0162965
0.0380253
0.0383098
0.0131329
0.0130573
0.0343574
0.0162475
0.0379558
0.0379939
0.0131963
0.0132579
0.0268269
0.00269243
0.00321931
0.00811937
0.01466
0.0166365
0.0138984
0.016753
0.0140162
0.034912
0.0384861
0.0167094
0.0385447
0.0166633
0.0136424
0.0136928
0.0347187
0.0166151
0.0384248
0.016564
0.03836
0.0135917
0.0135408
0.0349162
0.0166625
0.0384853
0.0167105
0.0385462
0.0136465
0.0136959
0.0347235
0.0384236
0.0165639
0.0383598
0.016614
0.013596
0.0135445
0.0340963
0.0380247
0.038309
0.016296
0.0131327
0.0130568
0.0343581
0.0162472
0.0379554
0.0379936
0.0131963
0.0132584
0.0267885
0.0268298
0.00269254
0.00322058
0.00812126
0.0172606
0.0146594
0.0139036
0.0167544
0.0140166
0.00838132
0.0105884
0.0168425
0.038714
0.0351155
0.0138229
0.0387877
0.0138545
0.0356402
0.0432536
0.0421828
0.0118589
0.0313428
0.0146396
0.0142608
0.0128337
0.0331792
0.0463399
0.0462382
0.0433417
0.0429537
0.0450887
0.045126
0.0388592
0.0169487
0.0387257
0.0463382
0.0433307
0.0462367
0.0429452
0.0450851
0.045122
0.0388433
0.0168366
0.0387117
0.0168465
0.0387184
0.035128
0.013831
0.0169012
0.0387886
0.0138649
0.0356406
0.0432508
0.0421776
0.0118474
0.0313271
0.0146396
0.0142611
0.0128286
0.0331719
0.0450618
0.0450414
0.0385381
0.0386359
0.0452229
0.0449048
0.0449314
0.0163425
0.0380844
0.0392133
0.039291
0.0379799
0.0439357
0.0389198
0.0443264
0.0145946
0.0358179
0.0153724
0.034741
0.0201591
0.045077
0.0448731
0.0448345
0.0377008
0.0390951
0.016165
0.0378566
0.0388123
0.0450619
0.0450406
0.0166936
0.03853
0.0386198
0.0452228
0.0449048
0.0449315
0.0163428
0.0380849
0.0392132
0.0392908
0.016261
0.03798
0.0439346
0.0389199
0.044326
0.0358163
0.0153725
0.0110715
0.034738
0.0201589
0.0450768
0.044873
0.0448342
0.0160419
0.0376999
0.0390948
0.0378562
0.0388116
0.0149115
0.0311235
0.0467702
0.0468045
0.0466401
0.0351484
0.0171623
0.0391448
0.0169905
0.0389077
0.013908
0.0138812
0.035376
0.0175002
0.0396264
0.0192225
0.0407432
0.0139555
0.0140591
0.0456912
0.0460274
0.0420805
0.0407053
0.0330585
0.0124323
0.0325219
0.0192313
0.011858
0.0312555
0.0453733
0.045202
0.0391123
0.0174808
0.0396004
0.0168474
0.0171374
0.0330235
0.0124161
0.0324984
0.0456894
0.046026
0.0420744
0.040696
0.019225
0.0118548
0.0312474
0.0453712
0.0452008
0.0390907
0.0174674
0.0395852
0.0169364
0.0171168
0.0351587
0.0171575
0.0391383
0.0169881
0.038904
0.0139132
0.0138898
0.0353775
0.0174948
0.0396191
0.040736
0.0139584
0.0140604
0.0448936
0.0449976
0.0450196
0.0384391
0.0388832
0.0379779
0.0165471
0.0383463
0.0167811
0.0452309
0.0449765
0.0449549
0.0164145
0.0381767
0.0392662
0.0393183
0.0382621
0.0411386
0.0446459
0.0445274
0.0150069
0.0363993
0.0316
0.00852662
0.0271492
0.0368506
0.0448005
0.044728
0.0447873
0.0374941
0.0357688
0.0379417
0.015658
0.0372235
0.0448935
0.0449972
0.0450186
0.016618
0.0384353
0.0388829
0.0379778
0.0165466
0.0383454
0.0167649
0.0452308
0.0449764
0.044955
0.0381774
0.0392659
0.039318
0.0382625
0.0411386
0.0446456
0.0445272
0.0150058
0.036398
0.00921407
0.0315988
0.00852603
0.0271485
0.0368492
0.0448003
0.0447276
0.0447869
0.0374928
0.0357676
0.0379409
0.0156567
0.0372219
0.016261
0.0164813
0.00333941
0.0110732
0.0153565
0.0164817
0.00333915
0.0153553
0.0161647
0.0463216
0.045448
0.0193999
0.0334381
0.017297
0.0214498
0.0294962
0.0388328
0.0166163
0.0147088
0.016614
0.0147109
0.00961577
0.0234691
0.0395096
0.0131312
0.0223781
0.00609039
0.0461921
0.0417896
0.0450702
0.00893479
0.00943306
0.0402874
0.0253834
0.0365845
0.0425291
0.0360166
0.0423248
0.00299102
0.0168319
0.0168306
0.0128586
0.0128583
0.0125126
0.0125126
0.0120534
0.0120544
0.0119275
0.0119282
0.0108619
0.0108631
0.00962404
0.00962493
0.041621
0.0416323
0.0416392
0.0416238
0.0416224
0.0417287
0.0416617
0.0417294
0.0416623
0.0416221
0.0416327
0.0416398
0.041624
0.041623
0.0416297
0.041628
0.0416252
0.0416266
0.0418907
0.0421966
0.0426533
0.0418913
0.042197
0.0426536
0.0416298
0.041628
0.0416252
0.0416265
)
;
    }
    ailerons
    {
        type            fixedValue;
        value           nonuniform List<scalar> 
460
(
0.028912
0.0284125
0.0282909
0.025105
0.027225
0.0203523
0.0291301
0.0289784
0.0289961
0.028247
0.0285549
0.0288969
0.028835
0.0284776
0.0282713
0.0290714
0.0282033
0.0280804
0.0281233
0.0283845
0.0280444
0.029622
0.029295
0.03251
0.0290352
0.029009
0.029042
0.0280799
0.0286122
0.0287373
0.0284598
0.0247615
0.00565115
0.00565574
0.00568352
0.00565176
0.00574282
0.00574041
0.00564784
0.00565249
0.00567985
0.00564926
0.00758087
0.00464862
0.00637129
0.0164413
0.00929507
0.013145
0.00564963
0.00563825
0.00465263
0.00550611
0.0150262
0.0150307
0.0150585
0.0150268
0.0150246
0.014866
0.00930122
0.0140054
0.0151178
0.0151154
0.0150228
0.0150275
0.0150549
0.0150243
0.00564716
0.0056725
0.00479775
0.00568018
0.0150222
0.0150475
0.00978394
0.0150552
0.00757991
0.00470635
0.00636985
0.01644
0.00945068
0.0131429
0.00566048
0.00566201
0.00565076
0.00564792
0.00688941
0.00789261
0.00697334
0.0080805
0.00565593
0.00565765
0.00565008
0.00564723
0.00467167
0.0047476
0.00934208
0.00949616
0.0056631
0.00566657
0.0047331
0.00482851
0.0150355
0.015037
0.0150258
0.0150229
0.0150381
0.0150416
0.00951567
0.00987687
0.0162644
0.0194941
0.0163483
0.0196984
0.0150309
0.0150326
0.0150251
0.0150222
0.00566194
0.00566448
0.00554078
0.00567542
0.0150369
0.0150395
0.0140771
0.0149363
0.00467366
0.00474775
0.00934375
0.00949568
0.00565426
0.00565953
0.00566329
0.00564842
0.00590207
0.00590791
0.00565022
0.00565578
0.00566093
0.00564675
0.00464778
0.00548034
0.00886038
0.00929433
0.00464645
0.0067737
0.0277325
0.0110636
0.00565109
0.00567074
0.0046625
0.00525201
0.0266229
0.0150293
0.0289593
0.0150345
0.0150383
0.0286634
0.0285505
0.0266425
0.0150234
0.0150261
0.028908
0.0150457
0.00464859
0.00931958
0.0122623
0.0267272
0.0152771
0.0289982
0.0267277
0.0152829
0.028435
0.0150252
0.0289425
0.028896
0.0150308
0.0266409
0.0150359
0.0266433
0.0150217
0.0056494
0.00567
0.00498029
0.00569124
0.0150244
0.0284474
0.015045
0.0266564
0.0106116
0.00498618
0.0266643
0.0150662
0.00466874
0.00547937
0.00886009
0.00474433
0.00933773
0.00677307
0.0277322
0.0110621
0.00565766
0.00566175
0.0056553
0.00564703
0.006256
0.00628597
0.0056532
0.00565768
0.00565414
0.005646
0.00465154
0.00497076
0.00930201
0.0267282
0.00467042
0.00996072
0.02677
0.00474856
0.00565628
0.00567036
0.00468494
0.00499602
0.0150327
0.0266286
0.0290599
0.0150368
0.0150303
0.026655
0.0281062
0.015022
0.0266518
0.0150313
0.0285865
0.0150454
0.00937207
0.00478256
0.0106682
0.0266859
0.00504835
0.015631
0.0277246
0.015661
0.027725
0.0295719
0.0283501
0.0325034
0.0150282
0.0150327
0.026634
0.0290504
0.0150291
0.0280875
0.015021
0.00565514
0.00566678
0.00526489
0.00569834
0.0150301
0.0150418
0.0266343
0.028498
0.0122751
0.0201264
0.0150733
0.00465861
0.00497028
0.00931234
0.0267263
0.00467009
0.00995974
0.0267686
0.00474794
0.00749377
0.00750459
0.00752981
0.00750646
0.00755972
0.00755966
0.00749453
0.00750516
0.0075296
0.00750676
0.00842316
0.00753173
0.00814569
0.0283427
0.0267081
0.00749302
0.00750869
0.00752992
0.00751244
0.0266394
0.0266795
0.0266222
0.0266584
0.0267042
0.0266664
0.0266247
0.0266797
0.00749356
0.00750803
0.00752909
0.00751177
0.0266234
0.0267022
0.00842301
0.00753081
0.0081455
0.0283425
0.0267059
0.00749772
0.0074993
0.00751441
0.00751235
0.00814966
0.00843193
0.00814971
0.00843203
0.00749901
0.00750057
0.00751385
0.00751189
0.00754365
0.00757032
0.00749536
0.00749805
0.00752373
0.00752147
0.026631
0.0266291
0.026635
0.026691
0.0283497
0.0266316
0.0266545
0.0266513
0.00749539
0.0074979
0.00752321
0.00752099
0.0266288
0.0266892
0.0266841
0.00754283
0.00756967
0.00749489
0.00750275
0.0075204
0.00750838
0.00764578
0.00764579
0.00749589
0.00750361
0.00752001
0.0075084
0.00753355
0.00784143
0.00464655
0.0267117
0.00558322
0.027206
0.00749287
0.0075049
0.00752796
0.00751591
0.0289971
0.0266244
0.0290172
0.0266365
0.0266645
0.0266456
0.0288369
0.0266228
0.0266501
0.00465708
0.0267
0.00929119
0.0266738
0.0268654
0.0287187
0.026866
0.0266268
0.0266386
0.0281789
0.0266644
0.0283045
0.0266458
0.00749323
0.00750437
0.00752724
0.00751531
0.0266234
0.0266485
0.0056313
0.0266981
0.0278251
0.0266717
0.00753254
0.0078411
0.00466899
0.0267094
0.0055827
0.0272055
0.00749624
0.00750098
0.00751673
0.00751035
0.00783987
0.0078399
0.00749742
0.00750209
0.00751622
0.00751009
0.0075362
0.0076519
0.00465047
0.0267163
0.00498996
0.0268992
0.0074936
0.00750131
0.00752588
0.00751892
0.0290325
0.0266263
0.0290606
0.0266337
0.0266587
0.0266487
0.0287327
0.026625
0.0266421
0.00468713
0.0266956
0.00567222
0.0266803
0.0271836
0.02917
0.0271841
0.0266292
0.0266364
0.0281273
0.0266583
0.0281302
0.0266485
0.00749379
0.00750097
0.00752527
0.0075184
0.0266251
0.026641
0.00921537
0.0266938
0.0268636
0.0266783
0.00753519
0.0076514
0.00465373
0.0267142
0.00498946
0.0268983
)
;
    }
    elevator
    {
        type            fixedValue;
        value           nonuniform List<scalar> 
331
(
0
0
0
0
0
0
0
0
0
0
0
0
0
0
0
0
0
0
0
0
0
0
0
0
0
0
0
0
0
0
0
0
0
0
0
0
0
0
0
0
0
0
0
0
0
0
0
0
0
0
0
0
0
0
0
0
0
0
0
0
0
0
0
0
0
0
0
0
0
0
0
0
0
0
0
0
0
0
0
0
0
0
0
0
0
0
0
0
0
0
0
0
0
0
0
0
0
0
0
0
0
0
0
0
0
0
0
0
0
0
0
0
0
0
0
0
0.0251892
0.0151098
0.0151123
0.0250851
0.00566255
0.00572113
0.0057348
0.00573726
0.0252758
0.0150376
0.0150961
0.0250834
0.0217313
0.0148274
0.0148272
0.0217349
0.00544351
0.00545203
0.00545241
0.00545222
0.0217553
0.0148185
0.014827
0.0217376
0.0252561
0.0150572
0.015036
0.0252965
0.00566057
0.00566065
0.0252903
0.0150356
0.0150357
0.0252965
0.0056822
0.00566101
0.0244151
0.0148466
0.0147754
0.0233011
0.00543049
0.00539963
0.00547158
0.00540038
0.0217939
0.0148055
0.0147746
0.0227963
0.025083
0.0150997
0.013281
0.0206818
0.00353009
0.00572468
0.00487173
0.00999715
0.0149279
0.01134
0.0165303
0.00541699
0.00459402
0.0216524
0.014792
0.0137465
0.0198543
0.00343043
0.0217311
0.0148274
0.0148275
0.0217344
0.00544383
0.00545248
0.0217191
0.0148188
0.0148275
0.0217374
0.00545243
0.00545245
0.0091742
0.0165155
0.00530897
0.00372107
0.00150813
0.0228689
0.014684
0.0127565
0.0202879
0.0251858
0.0150777
0.0149837
0.0244857
0.00534888
0.00546086
0.0057027
0.00560869
0.023017
0.0147239
0.0148359
0.0239947
0.0246146
0.0149321
0.0133153
0.0206839
0.00363992
0.00555714
0.00490425
0.0102874
0.0151412
0.0251938
0.0151113
0.0251528
0.015111
0.00567019
0.00568967
0.00573625
0.00573597
0.025239
0.0150452
0.0251668
0.0150647
0.0217319
0.0148274
0.0217331
0.0148273
0.00544925
0.00545136
0.00545236
0.00545229
0.0217449
0.0148242
0.0217411
0.0148264
0.025285
0.015044
0.0252944
0.0150379
0.00566043
0.00566058
0.0252948
0.0150354
0.025296
0.0150356
0.00566897
0.00566291
0.024076
0.0147752
0.0237013
0.0147589
0.00540821
0.00539301
0.0054002
0.00538385
0.0219182
0.0147832
0.0222597
0.014768
0.0150325
0.0247002
0.0146443
0.0235439
0.00131791
0.00567435
0.00547598
0.00387328
0.00558407
0.00476123
0.00704286
0.00533423
0.00511642
0.0147092
0.0214606
0.0144914
0.0210289
0.00131661
0.0217314
0.0148274
0.0217325
0.0148274
0.00545092
0.00545233
0.0217377
0.0148259
0.0217402
0.0148273
0.00545244
0.00545243
0.00331815
0.00696674
0.00515177
0.00472889
0.0145268
0.0225776
0.0141039
0.0219284
0.0250514
0.0150962
0.0248331
0.0150795
0.00534505
0.0053621
0.00572118
0.00570455
0.0231755
0.0147201
0.0234958
0.0147371
0.0149514
0.0244685
0.0146202
0.0234592
0.00139842
0.00559386
0.00545834
0.00412671
0.00577864
)
;
    }
}


// ************************************************************************* //
