/*--------------------------------*- C++ -*----------------------------------*\
| =========                 |                                                 |
| \\      /  F ield         | OpenFOAM: The Open Source CFD Toolbox           |
|  \\    /   O peration     | Version:  2206                                  |
|   \\  /    A nd           | Website:  www.openfoam.com                      |
|    \\/     M anipulation  |                                                 |
\*---------------------------------------------------------------------------*/
FoamFile
{
    version     2.0;
    format      ascii;
    arch        "LSB;label=32;scalar=64";
    class       faceSet;
    location    "3/polyMesh/sets";
    object      layerFaces;
}
// * * * * * * * * * * * * * * * * * * * * * * * * * * * * * * * * * * * * * //


9754
(
196610
196613
196618
213003
213004
196620
213005
196622
196624
180240
196627
213012
213013
196629
213014
180246
213015
196631
213016
196633
213019
196636
213022
196638
180255
196640
196642
180260
196645
213031
196647
196649
213034
196651
180267
196654
196655
196656
196657
196658
213043
196659
180275
196660
196661
213046
196662
180278
196667
180285
196674
196680
180297
196685
196692
213084
213085
196702
196703
196707
180327
196712
196715
196718
213103
196721
213106
196724
213109
196727
213112
196732
213117
213120
196736
213123
196740
213128
196744
196751
196754
213141
196757
213144
196760
196765
180383
196768
196771
213156
213157
196776
196779
196782
196787
196789
196791
180408
196794
196796
196798
180416
196801
196805
196809
180426
196813
180432
213201
213204
196820
196822
196824
213209
180441
196826
213212
196829
213215
196831
213216
196833
213219
196835
180451
196838
213224
196840
180456
196842
196845
180463
196848
196851
180469
213239
196856
213242
196858
196860
180478
213247
196863
196864
196865
196866
196871
180488
196878
180496
196884
180502
196888
180508
196896
180516
196902
196905
213290
180522
196908
213294
196911
196914
180531
196917
196920
180536
196923
213309
196926
213311
213313
213315
196931
213318
196934
213321
196937
213323
196940
213325
213327
196945
213330
180562
196948
213333
196951
213336
180569
196954
213339
213341
213343
196959
213345
180577
196962
213348
196965
213351
196970
180586
213355
196972
196974
213359
196977
213362
196978
196979
180595
196980
213365
196982
213367
196984
213369
180602
213371
196987
213374
196990
213377
196993
180611
213380
196996
213383
213385
197001
180618
213387
197003
213389
197005
197007
213392
180625
197010
180626
213395
197012
213397
197014
213399
180631
197016
213401
197019
213404
197021
197023
197026
197028
197030
197033
197034
213419
197035
197036
197037
213422
197038
180655
213426
197042
213429
180661
213431
213433
213435
197052
213438
180670
197057
180676
197061
213448
197066
213452
180685
197070
180691
197077
197082
197083
180700
197087
197091
180710
213479
197095
213480
180715
197100
197103
213489
213490
197106
180722
213491
213492
213493
213494
197110
213495
180727
213496
213497
213498
197114
213499
213500
213501
213502
180734
213503
213504
213505
197121
213506
213507
213508
197124
213509
213510
213511
197127
213512
180744
213513
213514
213515
213516
197132
213517
213518
213519
213520
197136
180752
213521
213522
213523
213524
197140
213525
180758
197147
213534
213535
197151
213536
213537
213538
213539
197155
213540
180773
197159
213545
213546
213547
197166
213551
197168
197170
180786
197173
213558
197175
197177
197180
213565
197182
197184
197187
180803
213575
197191
213578
197195
197199
197206
197208
213594
197210
180827
197213
213598
197215
197217
197220
180836
213605
197222
197224
180840
213610
197227
197230
213616
197233
213618
180850
197236
213621
213625
197241
197243
180860
197245
213632
197248
180864
197249
197250
197251
180869
213639
197257
180875
197262
180880
213649
213652
197269
180887
197273
180890
180895
197280
180897
213668
197285
180901
213672
180907
197292
213679
180911
197296
213684
180917
197302
180921
213690
197307
213692
180926
213695
197313
213699
180931
197317
197320
213706
180938
197323
180942
197327
213713
197332
197336
180954
213723
197341
213726
180960
197345
180964
197349
180969
213738
197356
213741
197358
180975
197360
213746
197363
180980
213749
197366
180984
197369
213755
213757
197374
180991
197378
213763
180995
197382
180998
213767
181003
197389
213774
197391
181007
197393
181010
197396
213781
197397
197398
197399
197401
181017
197404
181021
213791
197407
181025
213794
197410
181030
197415
197418
181035
197421
181039
213809
197426
213812
197429
181046
197432
213817
213820
181052
197437
181056
213826
197442
181059
213828
213831
181064
197449
213834
197450
197451
197452
181068
197454
213839
181071
197456
197459
213844
197460
197461
197465
197469
213854
213857
197476
197478
197480
197483
213868
197486
213873
197491
213876
197496
213885
197503
197505
197507
181123
197510
197511
197512
197514
213899
181132
197517
213903
197521
197524
213910
197527
213915
197531
181148
197536
213921
213923
197539
197542
181158
213927
197545
213930
197548
181164
213935
197553
213940
197557
181173
197562
197564
213950
197566
181183
213953
197569
197573
181193
197578
197579
197580
213965
197581
197582
197583
213968
197584
197585
181201
197586
197588
213973
197591
213976
197593
181209
197596
213982
181214
213984
197600
197603
181219
197608
181224
213995
197611
197614
181233
197619
181238
197623
214008
197627
181243
214012
197631
181248
214019
197638
214024
181257
197643
214029
181262
197648
214033
181267
214036
197653
181272
214041
214046
197662
197664
181281
197666
197669
181285
197671
214056
197673
181289
214059
197675
181293
197678
197680
197682
181300
197685
197688
214073
197691
214076
181308
197696
214081
197699
214084
181316
197702
197705
214090
214092
181324
197710
214095
197711
197712
197713
214098
197715
197717
214103
197720
181339
214108
197724
197728
181344
197732
181349
214118
214121
181354
197739
197741
197743
197746
181363
214132
197749
197751
214137
181369
197754
214140
197758
214143
181375
197762
214148
181381
197766
214153
214155
197773
214158
197775
181392
197777
197780
181396
197782
214167
197784
181400
214170
197786
181404
197789
214175
197793
214178
181411
214180
197796
214183
197799
214184
181416
197801
214187
197804
197805
181421
197806
214192
197809
181426
197812
214197
214199
197815
214202
181435
197820
197822
197824
181441
214211
197827
197828
197829
214214
197830
181450
214219
197837
214222
181454
214224
197842
181458
214227
214228
181462
214231
197848
214236
197852
181469
214241
197858
214243
181477
214246
197863
197869
214254
181487
214257
197873
197877
214262
181495
214265
197881
214267
214270
197886
181503
214272
197890
214275
181507
197895
181511
214280
197897
197899
181515
214285
197902
214287
214290
181522
197907
181527
197914
214299
181532
197917
214302
197920
181537
214307
197923
214310
197926
214312
181546
214315
197931
214316
181551
197936
214324
197940
181556
214326
214329
181561
197947
197949
214335
197951
214336
197954
181570
197958
181574
197961
181578
214347
197966
181582
214353
197970
214355
197973
214358
214362
197978
214363
214364
197981
214367
181599
197984
214372
197989
197992
214377
214379
197995
214382
197998
198003
181620
214390
198008
214393
181628
198013
214398
214401
198018
214403
181635
214406
198027
198028
181644
198029
214414
198030
198032
198034
214420
198037
214422
181654
198039
214425
198041
198043
181659
214429
214430
198046
214431
181665
214434
198051
181668
214439
198055
214444
181676
214446
198062
214449
198065
181683
198068
198073
214458
181690
214461
198077
198081
214466
181700
214469
198085
214471
214474
214475
198092
181708
198097
214483
181715
214485
198102
214488
198107
181724
214494
214495
181730
198116
198118
198120
198123
181740
198126
198129
181745
198132
181748
198137
181753
198139
181756
198141
198144
181761
198148
181766
198151
198154
198158
181774
198163
198166
181783
198169
198173
181789
198176
181796
198181
198184
181801
198187
198190
181806
198195
198197
198199
181815
198202
181818
181821
198206
198210
198214
181834
198221
198222
198223
198224
198226
198228
198230
198233
198234
198235
198236
181855
198240
198243
181860
198246
198248
181865
198251
198253
181870
198256
198260
198263
181879
198268
181884
198271
181889
198274
181894
198279
198283
198287
181903
198291
181907
181911
198298
181915
198303
181922
198308
181927
198313
181932
181937
198322
198324
198326
198329
181946
198331
198333
198335
181951
198338
198340
181956
198342
198345
181961
198348
198351
181970
198356
198359
181975
198362
181980
198365
181985
198370
198371
198372
198373
198377
181994
198380
181998
198385
182002
198387
198389
182006
198392
198396
182013
198400
182019
198404
182025
198411
198415
182031
198419
198423
182042
198430
198431
198432
182048
198433
198435
198437
182054
198440
198442
198444
182060
198446
198449
198452
198455
182071
198457
198460
198461
198462
182078
198465
198468
182085
198471
198476
182092
198478
198480
198483
198484
198485
198486
198488
182105
198490
198493
182110
198498
182115
182120
198505
198508
198511
182129
198514
198517
182133
182137
198522
182141
198527
198531
182148
182153
198538
198540
198542
182158
198545
182163
198549
198552
182172
198557
198561
182177
198565
182182
198570
182187
198574
198579
182196
198583
182200
198586
182204
198591
182208
198594
198597
182215
198600
198605
198608
182225
198611
198616
182236
198621
182240
198626
182244
198631
182248
182255
198640
198641
198642
198643
182260
198645
198647
198649
198652
198654
198656
198659
182276
198664
198668
182286
198675
182292
198678
198681
182301
198686
198690
182309
198694
198698
182319
198705
198710
182327
198715
198720
182338
198729
182345
198731
198733
198736
182352
198739
198742
198745
182365
198750
198752
198754
182370
198757
198760
198763
182381
198767
182385
198772
198775
182392
198778
182395
198782
182398
198785
198790
182406
198793
182410
198796
198799
182415
198804
182420
198806
198808
198811
182427
198815
182434
198819
198823
182439
198830
198831
198832
198833
198835
198837
198839
198842
198843
198844
198845
182461
198848
182464
198851
198853
198856
198858
198861
198865
198868
198873
182489
198876
198879
198884
182502
198888
198892
198896
182517
198903
198908
182527
198913
198918
182535
198927
198929
182545
198931
198934
198936
182553
198938
198940
198943
198945
198947
182563
198950
182567
198953
198956
198961
182579
198964
198967
182584
198970
182589
198975
198976
198977
198978
182594
198982
198985
182603
198990
182607
198992
198994
182612
198997
182616
199001
199005
199009
182627
199016
182635
199020
199024
182640
199028
182647
199035
199036
182652
199037
199038
199040
199042
182659
199045
199047
199049
182665
199051
199054
199057
182674
199060
199062
182679
199065
199066
199067
199070
182686
199073
199076
182692
199081
199083
199085
182701
199088
199089
182705
199090
199091
182710
199097
182714
199102
182718
182722
199108
199112
182729
199115
199118
199120
199123
182739
199125
182743
199128
182747
199132
199135
182751
199140
182758
199143
199146
182764
199151
199155
182773
199159
182778
199163
182785
199170
199175
182791
199180
182800
199185
182808
199194
199196
182812
199198
182816
199201
199203
182820
199205
199207
199210
182827
199212
199214
182830
199217
182833
199220
182836
199223
182841
199228
182844
199231
182847
199234
182850
199237
182855
199242
199243
199244
199245
182861
199247
199249
199252
182870
199256
182874
199260
182878
199264
182882
199271
199273
182889
199275
199278
182894
199281
199283
182901
199286
182905
199290
182909
199294
182913
199298
182920
199305
199307
182923
199309
182926
199312
182929
199314
199316
199318
182934
199321
199324
182940
199327
199329
182947
199332
199333
199334
199337
199340
182957
199343
182961
199348
182965
199350
199352
182969
199355
199356
199357
199358
182976
199362
182982
199367
199371
182991
199376
182995
199380
199384
183000
183006
199391
199393
199395
199398
183015
199401
199404
183020
199409
183027
199413
199417
183035
183038
199424
183041
199426
199428
183044
199431
199432
199433
183049
199434
199436
183052
199439
183055
199442
183058
199445
183063
199450
199453
183069
199456
199461
183078
199464
183082
199467
183087
199472
199477
183093
199484
199485
199486
183102
199487
199489
183106
199491
199494
199495
183111
199496
183115
199500
183119
199504
183123
199511
199513
183130
199515
199518
183136
199521
199526
183145
199531
183149
183153
199538
199540
183157
199542
199545
199546
199547
183164
199549
199552
183169
199555
199558
183176
199562
183179
183182
199567
183185
199570
199573
183190
199576
183193
199579
183196
183199
199584
199588
199593
199595
199597
199600
183216
199604
199609
199610
183226
199611
199612
199613
199614
199615
199616
199617
199619
199622
183239
199624
199627
199631
199634
199639
183255
199641
199643
199646
199650
199654
183273
199658
183276
199665
199669
183285
199673
183290
199677
199684
199686
199688
183304
183306
199691
199692
199693
199694
199696
183312
199698
199700
199703
199706
199709
183329
199714
199717
199720
199723
183340
199728
199729
199730
199731
199735
199738
183355
199741
199743
199746
199747
199748
183365
199752
199755
199760
199763
183381
199766
183385
199771
183389
199775
183393
199779
199783
183400
199790
183406
199795
183415
199800
183419
199805
183423
183427
199814
199816
199818
183434
199821
199823
183439
199825
199827
199830
183446
199832
199834
183450
199837
183454
199839
199841
183458
199844
199847
183465
199850
183468
199853
183471
199858
183474
199859
199860
199861
183479
199865
199867
183483
199870
183487
199872
199875
183491
199879
199882
183498
199887
199889
199891
183508
199894
183512
199898
183516
199902
183520
199906
183527
199913
199917
183533
199921
199925
183542
183547
199932
199934
199936
183554
199939
199940
199941
199942
199944
183560
199946
199948
199951
183569
199954
199957
183577
199962
199965
183581
199968
183585
199971
183589
199976
199977
199978
199979
183596
199982
183599
199985
183602
199987
183605
199990
199991
199992
183610
199996
183613
199999
183616
183619
200004
200006
200008
183624
200011
183630
200015
200019
200023
183639
183643
200030
183647
200034
183651
200038
200042
183658
183663
200049
200051
200053
183670
200056
200057
183673
200058
200059
183676
200061
200063
183679
200065
200068
183684
200070
183687
200072
183690
200075
183693
200078
200081
183698
200084
200089
200090
200091
200092
183708
200094
183712
200097
200099
183716
200102
183720
200106
200109
183727
200114
183731
200116
200118
183735
200121
183739
200125
200129
183746
200133
183752
200140
200144
183761
200148
183765
200152
183770
200159
200161
183778
200163
183781
200166
200167
200168
183784
200169
200171
183787
200173
200175
183792
200178
183795
200181
183798
200184
183801
200189
183806
200192
200195
183812
200198
200203
200204
200205
183821
200206
200210
183826
200213
200216
183833
200218
200221
200222
200223
183839
200227
200230
183848
200235
183853
200238
200241
183860
200246
200250
183866
200254
200258
183875
183879
200265
200270
200275
183891
200280
183901
200289
183905
200291
200293
200296
183912
200298
200300
183917
200302
200305
183922
200307
200309
183927
200312
200314
200316
200319
183936
200322
200325
183941
200328
183945
200333
200334
200335
200336
200340
183956
200342
200345
200347
183964
200350
183969
200354
200357
183976
200362
200364
183981
200366
200369
183988
200373
200377
183994
200381
184003
200388
184007
200392
200396
184012
200400
184018
200407
200409
200411
184027
200414
200415
184031
200416
200417
200419
200421
200423
200426
184042
200429
200432
200437
184055
200440
200443
184060
200446
200451
200452
184068
200453
200454
200457
200460
200462
184078
200465
200466
200467
200471
184088
200474
200479
184096
200481
200483
200486
200490
184106
200494
200498
184116
200505
200509
184126
200513
200517
184134
200524
200526
184142
200528
200531
200532
200533
200534
200536
184152
200538
200540
200543
184160
200545
200547
200550
184168
200553
200556
184172
200559
184176
200564
184180
200565
200566
200570
184187
184192
200581
184197
200589
184206
200595
184211
184218
200605
184222
184226
200613
184233
200619
184238
200627
184243
200631
184248
200638
184257
200644
184262
200649
184267
200653
184272
200660
184281
200668
184285
200673
184289
184293
200680
184300
200686
184304
200691
184308
184312
200698
200702
184319
200707
200711
184329
200719
184339
200725
200729
184347
200734
200738
184355
200743
184363
200748
200755
184373
200763
184381
200768
200772
184389
200777
184395
184398
200785
184401
200790
184406
184410
200797
184414
184418
200803
200807
184425
200812
184429
200815
184433
200818
184437
200822
184444
200830
184447
184450
200836
184453
200840
184458
200845
184462
200849
184466
200854
184470
200859
184477
184481
200866
184485
184489
200874
200879
184496
200883
184499
184502
200888
184505
184510
200896
184513
184516
200901
184519
200908
184524
184527
200914
184530
200919
184535
184539
200926
184543
200930
184547
200935
184554
200939
184558
184562
200947
184566
200955
184573
184577
184580
200966
184583
184586
200972
184591
184595
200982
184599
184603
200990
184610
200996
184614
201001
184618
184622
201010
184629
201015
184632
184635
201020
184638
201026
184643
201030
184646
184649
184652
201037
184657
201043
184665
201052
201057
184675
201063
201067
184683
201072
201075
184691
201078
184696
201082
184701
184706
201095
201098
184715
184720
201107
184725
201113
184730
201117
201120
184739
201125
184743
201130
184747
184751
201137
201141
184758
201144
184762
201149
184766
201154
184770
201158
184777
201165
184781
184785
201170
184792
201177
201180
184797
201185
184802
201189
201192
184811
201197
184816
201203
184823
201208
184827
184831
201217
184835
201222
184842
201229
184846
184850
201236
184854
201245
184861
201250
184866
201254
184871
184876
201261
201264
201269
184885
201273
184890
201276
184895
201281
184900
201285
201288
201293
184909
184913
201298
184917
201303
184921
201308
184928
201317
184936
201321
201324
184940
184944
201329
184948
201333
201338
184955
201343
184960
201348
184965
201353
184970
201362
184979
201366
184983
201369
184987
201374
184991
201377
184995
201380
201383
185002
201388
185006
201391
201394
185010
201397
185014
201402
201405
185021
185025
201410
185029
201415
185033
201422
185040
201426
185045
201431
185050
201436
185055
201440
201447
185064
201453
185070
201457
185075
201462
185080
201466
201469
185085
201474
185094
201479
185098
201484
185102
201489
185106
185113
201498
201503
185121
201507
185125
185129
201514
201517
185133
201520
185140
201525
201527
201529
185145
201531
201534
185150
201539
185155
201544
185164
201549
185168
185172
201558
185176
201564
185180
201569
185187
185191
201578
185195
201581
185199
201584
201589
201592
201595
201598
201603
201609
185230
201618
201622
185239
201626
201633
185251
201636
185254
201641
201643
185259
201645
185262
201648
185267
201652
185270
201657
185275
201660
185277
185280
201665
185285
201670
185292
201677
201679
201681
185297
201684
185304
201689
185309
201694
185313
201699
185320
201708
185324
201712
185328
185332
201717
201721
185339
201724
185343
201729
185347
201734
185351
201739
185358
201744
185363
185368
201753
201757
185373
201760
201765
185382
201768
185385
201771
185388
201774
185391
201779
185396
201782
185399
201785
185402
201788
185405
201793
185410
185412
201798
185414
185417
201805
185421
201808
185424
201813
185429
201817
185434
201822
185439
201827
185444
201831
185453
201838
201841
185457
185461
201846
185465
201851
201856
185472
185475
201860
185478
201863
185481
201868
185486
185488
201874
185490
185492
185495
185497
201883
185499
185502
201887
185504
185506
201891
185508
185511
201898
185516
201901
185520
201906
201908
201910
185527
201913
185530
201917
185533
185536
201922
201925
185541
185545
201930
185549
201935
185553
201942
201944
185560
201946
201949
185565
201954
185570
201959
185575
201964
185584
185587
201973
185590
185593
201978
201982
185598
185601
185604
201989
185607
201992
201995
185612
185615
202000
202002
185618
202004
202006
185623
202009
185628
202014
202019
185635
185639
202024
185644
185648
202033
185651
202039
185656
202044
185660
185664
185668
202053
202056
202059
185675
185678
202064
185681
202067
185684
202070
202073
185689
185692
202078
185695
202082
185698
202085
185703
185705
202090
185707
185709
202095
185712
185714
185716
202102
185718
185721
202106
185722
185723
185724
202109
202114
185730
202119
185735
202123
185744
202130
185749
202135
185754
202142
185759
202145
202150
185768
202154
185771
202157
185774
185777
202162
185782
202168
185785
185788
202173
185793
202182
185798
185802
202187
185809
202194
185814
202199
202203
185819
185824
202210
202217
185833
185836
185839
202226
185844
202229
185846
185848
202234
185850
185853
202238
202241
185859
202246
185864
202250
202253
185873
185877
202264
185881
185885
202273
185892
185894
202279
185896
185899
202284
185902
202289
185905
185908
202294
185913
185918
202303
185922
202307
202311
185929
185933
202318
185937
202322
202325
185941
202330
185948
185950
202335
185952
185954
185957
202342
185959
202345
185961
202348
185964
202353
185969
202356
202358
185976
202361
202365
185981
202368
185988
202373
185993
202378
185997
202383
202388
186004
186007
186010
202397
186013
202402
186018
202406
186022
186026
202413
186030
202417
202421
186037
202425
186041
186045
202432
186049
202438
186056
202443
186059
186062
186065
202452
186070
202455
186071
186072
186073
202458
186076
202463
186079
202466
186082
202469
186087
202472
186091
202477
186094
202480
202483
186099
202486
186104
202491
186109
202496
186114
202501
202506
186123
186127
202515
186131
186135
202520
202524
186142
186145
202531
186148
202534
186151
202537
202540
186156
186158
186160
202545
186162
202549
186165
186167
202552
186169
186172
202557
186174
202560
186176
186178
202563
186181
202568
202570
186186
202572
202574
186190
202577
202580
186197
202583
202586
186202
202591
186209
202596
186214
202601
186218
202606
186225
186230
202615
202618
186235
202621
202624
186240
202629
186249
202634
186253
202638
186256
202645
186261
186264
202650
186267
202654
186270
186275
202661
186277
186279
202664
186282
202667
186287
202672
202674
202676
202678
186294
202681
186298
202684
202687
186303
202690
186307
186310
202695
186315
202700
186319
202705
186323
202710
186327
186334
202719
186337
202723
186340
202726
186343
202731
186348
202735
186351
186354
202739
186357
202746
186362
186364
186366
202751
186368
186371
186373
202758
186375
202761
186377
202764
186380
186381
186382
186383
202769
186386
202772
202774
186391
202777
186394
202781
186399
202784
186402
202789
186407
186409
202794
186412
202799
186418
202804
186423
202813
186432
202817
186435
202821
186438
202825
186441
186446
202832
186450
202837
186454
202841
186458
202848
186465
186469
202854
186473
202859
186477
202868
186484
202871
186487
202874
186490
186493
202879
202882
186498
186500
202885
186502
202888
186505
186508
202893
186511
202896
186514
202899
202902
186519
202907
186524
202912
186528
202917
186535
202922
186540
186545
202931
186550
202936
202940
186559
202947
186563
202950
186567
202953
202956
186574
202961
186577
186580
202965
186583
202968
186588
202973
186590
202976
186592
202979
186595
186598
202984
186601
202986
202988
202990
186606
186608
202993
186610
202996
186612
202999
186615
203002
203007
186623
203012
186628
203017
186635
203022
186640
186644
203031
186651
203036
186655
203040
186659
203047
186663
203050
203053
186670
203056
186674
203061
186678
203066
186682
203070
186689
186692
203077
186695
203080
203083
186700
186702
203088
186704
203090
186707
203092
203094
186710
203097
186713
203100
186716
203103
186721
203106
186723
186725
203114
203117
203122
186741
203128
186745
203133
186752
186755
203140
186757
186760
203147
186763
186768
203159
186777
186779
203164
186783
203175
186793
203182
203190
186807
203196
186817
203205
203210
186827
186833
203218
186837
203224
186842
203229
186845
186850
203236
186852
186855
186858
203243
186861
203248
186866
203255
186871
186878
203263
186880
186882
203270
186887
203277
203280
186899
203285
186904
186913
186921
186923
186926
186928
186932
203318
203321
186939
203324
186945
203331
186950
203339
186959
203347
186964
203353
186969
203357
186974
203360
203365
186983
203369
186986
203373
186989
186992
203380
186997
203383
187000
203386
187003
203391
187008
203394
187013
203399
187017
203402
203407
187024
203409
203412
187029
203414
203417
187034
203421
187039
203425
203432
187048
203434
187052
203437
203439
187056
203441
203444
203446
187063
203449
187066
203452
187069
187072
203457
203459
187077
203462
203463
187079
187081
203466
187084
187087
203474
187090
187095
203480
187097
187099
203484
187101
203488
187104
203491
187109
203494
203499
187116
203502
187122
203507
203509
203512
203515
187131
203518
187136
203523
203525
187141
203527
187145
203530
203532
203534
187152
203537
203539
187156
203542
203544
187160
203547
203548
187164
203549
203550
203551
203554
187171
203557
187175
203562
187179
203565
187183
203570
203573
187190
203576
187193
187196
203581
203585
187201
187203
187205
203590
203592
187208
203595
187211
203596
203597
187214
203599
187217
203602
187222
203608
187224
187226
203612
187229
203617
187234
203621
187241
203626
187246
203633
203637
187253
203642
187258
203644
187262
203647
203651
187269
203655
187273
203659
187277
187281
203666
203668
203671
187288
203673
203675
187292
203678
203680
187296
203682
187300
203685
203688
203691
187307
203696
187312
203698
203700
187317
203703
203704
203705
187322
203711
203715
187331
187334
203720
187337
203724
187340
203728
187345
187348
203733
187351
203736
187354
203739
203742
187359
203745
187361
187363
203749
187366
203754
187370
187373
203758
203762
187378
203766
187383
187388
203773
203776
187393
203779
203782
187402
203787
203790
187406
203793
187410
203798
187414
203801
203804
187421
187424
203809
203811
187427
203813
187430
203816
203818
187435
203820
187437
203823
187439
187441
203826
187444
203829
187446
203832
187448
187451
203837
187453
187455
203840
187457
203843
187460
203845
203847
203849
187465
203852
187469
203854
203856
203859
187476
203861
203863
187479
203866
187482
203867
203868
203869
187485
203870
203871
203872
187490
203877
187494
187498
203884
187502
203892
187509
187514
203900
187519
203905
187524
203912
203915
187533
203919
187536
187539
203924
187542
203927
203930
187547
203933
187550
203936
187553
203939
187556
203944
187561
203948
187564
187567
203953
203956
187572
203959
187577
203962
203967
187584
203969
203971
187588
203974
203976
187593
203978
203981
187597
203983
187600
203985
203988
187605
203990
203992
187609
203995
187613
203999
187617
204003
204007
187624
187627
204014
187630
204017
187633
204020
204022
187638
204024
187641
204026
187644
204029
204031
187647
204033
204036
187652
187654
204039
187656
204042
187658
187661
204047
187663
204049
187665
204051
187667
204054
187670
204055
187671
204056
187672
204057
187673
204062
187679
187684
204069
204073
187693
187697
204083
187701
204087
187705
204091
204096
187712
187714
204099
187716
204102
187719
204105
187722
204108
187725
204111
187728
204114
204117
187733
204122
187738
204126
187742
204131
187749
204134
204137
187754
204140
187759
204145
204148
187764
204151
204156
187773
204158
204160
187776
204163
187779
204164
204165
204166
204168
187784
204170
187786
187788
204173
187790
204176
187793
204179
204182
187799
204187
187804
204190
204193
204195
204197
187813
204199
187817
204202
204204
187821
204206
204209
187825
204211
204213
204216
187832
204217
204218
187834
204219
204220
187836
204221
204222
187839
187842
204229
187845
187848
204237
187853
204240
187858
204245
187862
204250
204253
187869
204256
187873
187877
204263
187881
204267
187888
204274
187890
187892
204277
187894
204280
187897
204283
187899
187901
204288
187904
204289
204290
204291
187909
204296
187913
204300
187920
204307
187923
204310
187926
204313
187929
204316
187934
204321
187938
204324
187942
204327
204330
187946
204335
187953
204338
204341
187957
204344
187961
204349
187965
204352
204355
187972
204358
187975
187978
204363
204365
187981
204367
204370
187986
187987
204372
187988
187989
204374
187992
204377
204379
187995
204381
187998
204384
204386
188003
204388
204391
188008
204396
188015
204403
188020
204410
188027
188031
204418
188034
204423
188039
188044
204430
204433
188049
204437
188054
204442
204445
188063
204448
188066
204452
188069
204456
188072
204460
188077
188081
204467
204469
188085
204471
188089
204474
204476
204478
204480
188096
188098
204483
188100
204485
188102
204487
188105
204490
188107
204493
188109
188111
204496
188114
188116
204501
188118
204503
204505
188121
204508
204509
204510
188126
204511
188130
204519
188137
204523
188141
204528
188145
204532
188149
204536
204540
188156
188160
204545
204548
188164
204551
188168
204554
204557
188175
204561
188180
204566
188185
204570
204574
188190
204578
188199
204585
188202
204588
188205
204591
188208
204594
188213
204599
188216
204602
188219
204605
188222
204610
188227
204613
188229
188231
204616
188234
204621
204623
188239
204625
204628
204630
188246
204632
188250
204635
204638
188255
204641
188259
204644
188262
204649
188267
204652
204655
188271
204657
204659
188275
204661
188279
204664
204666
204668
188286
204671
204673
188289
204675
188292
204678
204679
188295
204680
204681
204682
204683
204684
188300
204687
188303
188306
204692
188309
204696
188314
204700
188316
188318
188320
204707
188323
188325
204710
188327
204713
188329
188332
188333
204718
188334
188335
204721
188338
204726
188343
204729
188346
204734
188351
204736
188354
204739
204741
188359
188361
204746
204754
188370
188373
204762
188378
188381
204768
188386
204772
188389
204776
188394
204780
188396
188399
188400
188401
204787
204789
204792
204794
204796
204799
204801
204804
204807
188424
204812
204814
204817
204818
188435
204821
188440
188443
204829
204835
204839
188456
204843
204846
188462
204849
188468
204854
204857
204862
204864
204867
188485
204870
204873
204878
204880
204882
188499
204885
204887
188503
204889
204892
204894
188510
204897
204899
188515
204902
204903
204904
204905
204906
188522
188525
204912
188528
204916
188533
204921
188540
204925
188544
204930
204937
188555
204941
188559
204946
188563
204948
204951
204954
188570
204957
188573
188576
204962
204965
188581
188584
204970
204973
188589
204976
204981
188597
204985
188602
204990
204992
188609
204995
204996
204997
204999
188615
205002
205006
188623
205010
188628
205014
188635
205021
205023
188639
205026
205028
188644
205030
205033
205035
188651
205037
205040
205043
188660
205046
188664
205051
188668
205053
205055
205058
205059
188675
205060
188679
205065
188686
205072
205075
205079
188698
205083
188703
205088
205091
205094
188710
205097
205100
188716
188718
205103
188721
205106
188724
205109
188727
205114
188732
205118
188736
205123
188741
205126
205129
188747
205132
205137
205140
188756
205143
205148
188764
205150
205152
188769
205155
205156
205157
205158
205160
205162
188780
205165
205168
205171
205174
188791
188794
205179
205182
188798
205185
205187
188803
205189
205191
188807
205194
205196
188812
205198
205201
188818
205203
205205
188823
205208
205209
205210
205211
205212
205213
205214
205216
188832
188836
205221
188839
205227
188844
188849
205236
205238
188856
205241
188861
205246
205247
205250
188868
205255
188871
205257
172491
205260
188876
205262
188879
172496
188881
188884
205271
188888
172505
205274
188891
205276
172509
205279
188896
205282
205283
172516
205286
188902
205289
188907
172523
205292
172528
205297
205299
188916
205301
205303
172535
188921
205306
205309
205312
188928
172544
205315
172548
188933
205320
172552
188937
205322
205324
205326
172559
188944
205329
205332
188950
205335
205338
172570
205343
188959
205345
188962
205347
205349
188967
205352
205354
188971
205356
205358
188974
205361
188979
205366
188983
205370
188986
188991
205377
205381
188997
205386
189006
205392
189014
205401
189019
172636
205406
205410
189026
172645
205417
189034
205419
205422
189039
172656
205426
189043
205429
189048
172664
205434
189052
205437
205439
189057
205442
205444
205446
189063
205448
205451
172686
205455
189072
205459
205463
189080
189084
205470
205472
205474
172707
205476
189092
205479
205481
189098
205483
172715
205485
189103
205488
189106
205491
189109
205494
172728
205497
189113
205502
189118
172735
205504
205506
205508
205511
205512
189128
205513
205514
172746
205515
189132
172751
205520
189137
205524
172756
189142
205531
189149
172765
205535
205540
189157
172775
205545
189161
189166
205552
189170
205556
205559
189175
172792
205564
189181
205566
172798
205569
189186
172803
205572
205574
205577
189195
205580
205582
189200
205585
205588
189204
205591
205594
172826
189211
205599
172831
189216
205603
172836
205607
189223
205611
189229
172845
205618
205621
189238
205624
189241
205627
189246
205632
189250
205635
189253
172869
205638
205641
189258
205646
189262
172880
205649
189265
205652
189270
205655
172888
189273
205660
189276
205662
205664
189280
205666
189284
172900
205669
205671
205673
189289
172906
205675
189293
205678
172912
205681
189298
205684
205687
189304
172920
205692
189309
205694
172926
205696
205698
172931
205701
189318
205703
205705
172938
205707
189323
205710
205712
172944
205714
189330
205716
189334
205719
172952
205721
189337
205723
205725
172957
189342
205728
205729
172961
205730
205731
189347
205732
205733
205734
205735
205736
172968
189354
205740
205741
189357
205742
172974
205745
189362
172979
205748
189365
205751
189367
189370
205756
172988
189374
205760
172992
189377
205764
189382
205768
189387
173004
205775
205778
189394
173012
205781
189398
205784
173018
205789
189405
173021
189406
205792
173024
189409
205795
173029
205798
189414
205803
189419
173035
205806
205809
173043
205812
189429
173047
205817
205819
205821
189437
173054
205823
205826
205828
205830
173062
189447
205832
205835
173067
205839
173071
189456
205843
173078
205847
189463
173084
205854
189471
205857
173089
205860
189477
205864
173098
189483
205868
189486
173106
205875
189495
205880
173112
189499
205885
189502
173120
189505
205890
189508
173126
189513
205899
189516
173132
205902
205904
189521
205907
205910
173142
189527
205913
205916
189532
205921
189538
173154
205923
205925
205927
205930
205932
189548
173164
205934
205936
173170
205939
189556
205943
173178
205947
205951
173184
189569
205958
205960
189577
205962
173194
205964
205967
189584
205969
205971
173204
205973
205976
189592
205980
189596
173213
205983
189599
173219
205988
189604
205989
205990
205991
205992
189608
205994
173227
205996
189613
205998
189616
206001
173233
206005
189621
206009
189627
206013
189632
206020
206024
189641
206028
189646
206033
189650
206037
206041
189657
206045
189663
206052
206055
189672
206058
206060
189677
206062
206064
173298
206067
189684
206069
206071
189687
206073
206076
189692
206079
189696
206082
189699
206086
189704
206091
189708
206094
189711
206097
189716
206101
189719
206104
173337
189722
206109
189726
206113
173345
189730
206116
189735
173351
206121
189739
206124
206126
189744
206129
206131
206133
189750
206136
206138
173370
189755
206140
206142
206145
206148
189764
206151
189769
206154
173387
206159
189776
206161
206163
173395
206165
189781
206168
189785
173401
206170
206172
206174
189792
206177
206179
173412
206181
189798
206184
206185
206186
206187
206188
206189
206190
206191
189807
206194
189810
206197
189815
206200
189819
206205
189822
206208
206211
189827
206214
189831
189834
206219
206222
189839
206225
206228
189846
173463
206233
206236
206239
189855
173471
206242
173474
189859
206247
189863
173479
206249
206251
173483
206253
189870
206256
206257
206258
189874
173490
206259
206260
173493
206262
206264
189881
206266
173498
206269
173502
189887
206273
206277
173509
189896
206281
173518
206288
189904
189906
189909
206294
189912
206299
189915
189920
206308
189924
206310
206312
189929
206315
206318
189935
206321
206324
189944
206329
206331
206333
206335
189952
206338
189957
206342
206346
206350
189968
206357
206359
173591
189976
206361
206363
189981
206366
206368
189985
206370
206372
189990
206375
206378
189994
173612
206381
189999
206384
173618
206389
190005
206390
206391
206392
206393
190010
206395
206397
206399
206402
190019
173637
206406
190023
206410
190026
206414
173646
190031
190036
206421
206426
190043
206430
190048
206437
173669
206439
190055
206441
190058
206444
206446
190063
206448
173681
206450
190066
190068
206453
190071
206456
206459
190075
206462
190078
206467
190083
206471
190089
206475
190094
206479
206486
190103
173720
206489
206492
190108
206495
190115
206500
173734
206503
190119
206506
190122
173740
206509
190127
206514
173747
190132
206517
206520
206523
190139
173755
190142
206528
173761
206530
190147
206532
206534
190150
190152
173768
206537
206539
190155
206541
206543
190159
173775
206546
190162
206549
173782
190167
206552
206555
190173
206560
206562
173795
206564
206566
190182
206569
206571
173803
206573
190190
206575
173809
206578
206580
206582
190198
206584
173817
206587
190203
206589
206591
173823
206593
206596
206597
190213
206598
206599
173831
206600
190216
206601
206602
206603
206604
190220
173837
206609
190225
190229
173845
206616
190234
173851
206620
206624
190240
173859
206631
206632
206633
190249
173865
206634
206637
190257
173873
206645
190261
173879
206650
190269
206655
173887
206658
190275
206661
173895
190280
206666
190283
190286
173903
206673
190290
206676
206679
190295
190298
206684
206685
190301
206686
173918
206687
190304
206689
206692
190309
173926
206698
173932
206701
190319
206706
206707
190325
206711
206715
173947
190332
206719
190338
173955
206726
190343
206729
173961
206732
190350
206737
173969
190354
206741
173975
206748
190364
173983
206753
190370
173989
206758
190374
206763
173997
206772
190389
206775
206777
190394
206780
206783
190401
206786
206789
190405
206794
190410
206796
206798
206800
190417
206803
190421
206806
206809
174043
206812
190432
206817
174051
190436
206821
190440
174056
206825
206829
190447
190450
206836
190453
206839
206842
190458
206845
206850
190466
174084
206853
206856
174089
190474
206859
190477
206864
190482
174098
206867
206870
190487
206873
174108
206878
190494
174111
206880
206882
206884
190500
174116
206887
190504
206889
174121
206891
206893
190509
174127
206896
190513
206898
174131
206900
206902
206905
190522
174138
190523
206909
174141
206913
190530
206917
190533
190536
190537
206924
206926
206928
190544
190545
206930
174164
206933
190549
206935
206937
190554
206939
206942
190558
206945
190562
174178
206948
206951
174185
190571
206956
206957
206958
206959
174191
206960
190576
206962
206964
190580
174196
206966
206969
190587
206973
190592
206977
206981
190599
190602
206988
190605
206991
206994
190611
206998
190615
207001
190620
174236
207006
190625
207010
207014
190632
174248
207018
190634
174251
190637
190640
174256
207025
207027
190643
207029
207032
207034
190651
207036
207038
190654
207041
207043
190659
207045
190662
207047
190665
207050
174283
190668
207053
207056
174288
190673
207060
190678
174295
207065
207068
190685
174301
207071
190689
207075
190693
207078
174310
174312
190697
207083
174315
207087
190704
207090
174322
190708
207095
174327
190713
207098
207100
174334
207103
190720
207105
207107
174339
190724
207110
207112
174344
190729
207114
207116
174349
207119
190735
207122
190739
174356
207125
207128
190744
174362
190748
207133
207135
207137
190753
207139
190757
207142
207144
207146
190762
207148
190766
207151
207153
207155
190771
207157
174390
190775
207160
207161
207162
207163
190779
207164
174396
207165
207166
207167
190783
207172
174405
190790
190793
174409
207179
190796
174413
207183
190799
207187
190804
174420
174423
190809
207194
174426
207195
207196
207197
174431
207200
190816
190817
190818
174434
190820
190823
174439
207208
190826
207213
190832
174449
207218
190835
207221
207224
190840
190843
174459
207229
190846
174465
190850
207236
207239
190855
207242
174474
190860
174477
207247
207248
174480
207249
207250
190867
207252
174485
207255
190871
174487
174489
190876
174492
207261
174495
207264
190881
174500
207269
207270
174503
190888
207273
207276
190892
174508
207279
190897
174513
207284
190901
207287
174520
207290
190906
174523
207293
190911
174528
207298
174531
207301
190918
174534
207304
190921
207307
174539
190926
207312
190929
207315
190931
174549
207318
190934
190935
207321
190941
207326
174559
207328
190944
207330
207332
190949
174565
207335
207336
207337
190953
207338
207339
207341
190958
207343
174575
207345
174577
190962
207348
174580
190966
207352
190971
207356
174588
207360
190976
174593
207367
190983
174600
190987
207373
174605
207378
190995
190999
174615
174618
207387
191004
207389
207391
191009
207394
174626
207397
174631
207400
191016
207403
191020
207408
174640
191025
207410
207412
191029
207414
207417
191033
174649
207421
191038
174654
207425
174658
191043
207429
174665
191050
207436
191053
207438
174670
207440
191056
207442
191059
207445
191062
207447
174680
207449
191065
207451
207454
191070
174686
207457
191075
207460
174694
207463
191082
174699
207468
207469
207470
191086
207471
207472
207474
191090
174706
207476
207478
191094
207481
207485
191101
174718
207489
191105
207493
191110
174727
191115
207500
207505
191122
174738
207509
191126
174743
191131
207516
207518
174750
191135
207520
207523
191139
207525
207527
191144
174760
207529
207532
191148
207535
174768
191153
207538
207541
191157
174773
207546
191162
207550
191166
174783
207554
191171
174787
207558
191175
174792
191179
207565
191183
174799
207568
174801
207571
207574
191190
191193
174810
207579
191196
207582
191199
174815
207585
207588
191204
174824
207593
191209
207596
191213
174829
207599
207602
174834
191220
207607
174839
207609
191225
207611
207613
207616
191232
174848
207618
191235
207620
207622
191238
174854
207625
191242
207628
191246
207631
174863
207634
191251
174868
207639
191256
207641
174873
207643
207645
174878
191263
207648
191265
207650
207652
191268
207654
191271
174887
207657
191274
207659
174891
207661
207663
207666
174898
191283
207668
207670
191286
207672
174905
207675
207676
207677
207678
207679
207680
207681
191297
207682
174914
207683
207686
191302
174918
207689
191306
174922
207692
191310
174926
207697
191313
207699
191316
207701
174933
207703
191321
207706
207709
174943
207712
191328
207715
191331
174947
191334
207720
174952
191337
207722
207724
191340
207726
191343
207729
174962
207732
191348
207735
207738
191354
174971
207743
207745
191361
174977
207747
207749
191365
174982
207752
191369
207754
207756
191373
207758
174991
207761
191380
174997
207766
207770
191386
191390
175006
207777
191395
175011
207781
191400
175016
207786
175021
207791
191407
207795
191411
175030
191416
207802
191419
175035
191422
207808
175040
191427
175045
191431
207817
207819
191435
207822
175054
191439
207826
175059
207829
191446
191449
207834
175066
191452
207837
207839
191455
175073
207842
207844
191460
207846
191463
207848
191466
175082
207851
175086
207855
191471
175090
207859
191478
175094
207863
191481
191484
175101
207870
207872
191488
207874
175106
207876
191492
207879
207881
191497
175113
207883
207885
191502
207888
207891
175123
191509
207894
175127
191512
207897
191515
207902
191518
207904
175136
191521
207906
207908
191524
175140
207911
207912
207913
191529
207914
207915
175147
191534
207920
175152
191538
207924
175158
191545
207931
175163
191549
207935
191553
175170
207940
191557
175174
207944
207947
175179
191564
191567
207952
191570
207957
191573
175191
191578
207964
207966
191582
175200
207969
191585
207972
207974
191590
207977
191593
175211
207980
191596
207982
191599
207985
207988
191606
207991
191609
207994
175227
191612
207999
191617
175233
208003
175236
208007
191624
208011
191627
175243
191630
208018
191634
208021
191639
208024
175256
208027
191644
175260
208032
208035
191651
208038
175270
191655
208041
191660
208046
191663
208049
191666
208052
175284
191669
208055
191674
175291
208060
208062
208064
191680
208066
175300
208069
208071
191687
208073
175305
208075
191691
208078
175310
191695
208081
191699
208084
208087
191706
175323
208092
208094
191710
208096
208098
191714
208101
191718
208103
175336
208105
208107
191725
208110
208112
191728
175344
208114
191731
208116
175350
208119
191736
208121
208123
191739
208125
191742
175358
208128
208129
191745
208130
175362
208131
208132
208133
208134
191750
208135
175367
208138
175371
191756
208144
175376
191761
175382
191768
208153
175386
208155
191771
208158
191774
175391
191777
208163
208164
191780
208167
191783
175401
208172
191788
208174
175406
208177
191793
208179
191797
175413
208188
191804
208191
191808
175424
208193
208196
191812
208199
208200
191816
175434
208203
208206
191823
175440
208209
191827
175445
208214
191832
208217
208220
175452
208223
191839
175456
191842
208228
191845
175461
208231
191849
175465
208234
191852
208237
175470
191857
208242
191860
208245
191863
208248
175481
191866
208251
191871
208256
208258
191874
208260
191877
208262
175495
191880
208265
208266
208267
208268
208269
191885
208271
191888
208273
175506
208275
191893
208278
175511
208282
191898
208286
191902
208290
175522
175525
191911
208297
175532
208301
191919
175536
208306
191924
175543
208312
191929
208317
191934
175551
175557
208326
191945
175561
208331
191948
175566
208335
191951
191954
175572
208342
191959
208344
191961
208346
191963
208349
191966
175582
208352
191969
208355
175587
191973
208358
191977
175594
208363
208366
191982
175598
208368
191986
208371
175603
208375
191991
175607
208379
191995
175611
191998
208383
175615
192003
208390
175622
208392
192008
208394
208396
175628
192013
208399
208401
175633
192018
208403
208405
208408
208410
175642
192027
208412
208414
175647
208417
192033
208420
175652
192037
208423
175657
208426
192042
192043
192045
208431
192047
208433
192049
175666
208435
192052
208437
192054
175671
208440
192056
208441
208442
208443
192059
175675
208444
192063
208448
192066
175682
208452
175687
208456
192073
175692
208463
192081
175697
208467
208470
192086
175706
208475
192091
175710
208480
192096
175714
208484
175718
192106
208491
192108
175725
192110
208496
192112
208499
192115
192117
192119
208504
208506
208508
192124
175740
208511
208513
192130
175746
208515
208517
192134
208520
192137
208522
208524
175756
208526
192143
208529
175762
192147
208532
208535
192151
208538
175770
192155
208543
175775
192162
208547
175782
208551
175786
208555
192171
192172
192173
192174
175791
192176
208562
192178
192180
208565
175797
192183
208568
208571
192190
175807
208576
192194
208579
175811
192197
208582
175816
208585
192203
208590
192207
208593
192211
175827
208596
175830
208599
192215
175834
208604
208606
192222
208608
175841
208610
175843
208613
175845
208615
192231
192232
208617
192233
192234
208619
192236
208622
192238
175854
192240
208625
192243
208628
175862
208631
192251
208636
208638
175870
192255
208640
208642
192258
175874
208645
208647
192263
175879
208649
208651
192268
175885
208654
208656
192272
175889
208658
208660
192276
175894
208663
192280
208665
208667
175900
208669
192287
208672
208673
208674
208675
208676
208677
208678
175910
208679
208680
192297
192298
208683
192299
175915
192300
208686
192302
192304
208689
192306
175922
192309
208694
208697
208700
192316
208703
192320
175937
192323
208708
208711
192328
175944
208714
192331
175948
208717
192334
175952
208722
192339
175956
208725
208728
192344
208731
175963
192349
208736
175969
208738
192354
208740
208742
175974
208745
208746
208747
192363
208748
208749
192366
208751
175983
208753
192369
208755
192372
175988
208758
192377
175993
208762
192379
192381
208766
175998
192384
192385
208770
192386
192387
192389
192391
176007
208777
192393
176012
208781
192399
208784
176016
192402
208789
192407
176023
192410
208795
176028
192413
208800
176033
192418
192421
176038
208809
192426
208813
176047
208817
176051
208821
192437
192439
176055
192442
176059
208828
192445
208830
192446
208832
176066
208835
192452
208838
192455
208841
192458
208844
176076
192463
208849
176082
208851
208853
192469
208855
208858
192474
176090
192477
208862
192479
176095
208866
192482
192483
208870
176102
192487
176108
208877
192493
208879
192496
176112
208881
208883
176117
208886
208888
192504
208890
208892
192508
208895
176127
192512
208897
208899
192515
208901
176133
192518
208904
208907
176141
208910
192528
208913
176146
192531
208918
208920
192536
176153
208922
208924
192541
176157
208927
208928
192544
208929
208930
176162
208931
192547
208934
192552
176168
208937
208940
192556
176176
208945
192561
208948
208951
208954
192571
176189
208959
192576
192577
208962
192578
208965
208968
192584
176202
208973
192591
208976
192592
176208
208979
208982
192601
176218
208987
192604
208989
192606
176222
208991
208993
192609
192610
176227
208996
208997
208998
192614
208999
176231
209000
209002
209004
192620
176236
209006
192623
209009
176242
209013
176246
192631
209017
192635
176251
209021
192639
192642
209028
192645
176261
209032
192649
176266
209035
192652
209040
192657
176273
192660
209045
192663
209049
192668
176284
209056
192673
176290
209059
209062
192678
176294
209065
192683
176299
209070
209072
176305
209074
192692
209077
176310
209079
192695
209081
192698
209083
192701
176317
209086
209088
209090
192706
209092
192708
176325
192710
209095
192713
209098
192714
192715
176331
192716
209101
192718
209104
192720
192722
176339
209109
192725
209111
176343
209113
192729
209115
192732
176348
209118
209120
209122
192739
209124
176358
209127
209129
209131
192747
176364
209133
209136
192752
176368
209138
209140
192757
176373
209142
209145
209146
192762
209147
176379
209148
209149
209150
209151
209152
209153
209156
192772
176389
192774
209159
192776
176393
209162
192778
192781
176398
209167
192783
192785
209170
192788
176404
209173
209176
192796
209181
176414
209184
209187
192803
209190
176422
192807
192810
209195
176427
209198
192815
209201
192818
176434
209204
192821
192824
176440
209209
209211
176444
209213
192829
209215
192833
176449
209218
209219
209220
209221
192837
176453
209222
209224
192841
209226
176458
209228
209231
192848
176466
209235
192852
209239
192856
176472
209243
192860
176476
176481
209250
192867
176485
209254
192870
192873
209259
192876
209264
192881
192882
192883
209268
192884
192886
176503
192888
192890
176506
209275
192893
192896
209281
192899
176516
209286
192904
176520
192908
209295
176527
209297
192913
209299
192915
192917
176533
209302
192920
209305
176538
209308
192924
209311
192929
176547
209316
192933
209319
176552
209321
209324
176557
192942
209328
176562
209332
192950
209336
192955
176571
176574
209343
192960
209345
176577
209347
209349
192965
176582
209352
176585
209354
209356
176588
209358
176591
192976
209361
209363
192979
176596
209365
192982
209367
192985
209370
176602
209373
192990
176607
209376
192992
192994
209379
192997
209384
193000
176616
209386
209388
193004
176620
209390
193008
176624
209393
209394
209395
209396
176628
209397
193013
209400
193017
209403
176635
209406
193022
176638
176641
193026
209411
176644
193029
209415
176649
193034
209419
176651
176653
209423
193039
176656
193044
209430
176662
209433
193049
176667
209436
209439
193058
209444
176676
209447
193064
176681
209450
193068
209453
176686
193073
209458
193074
176691
193076
209461
193078
209464
193080
209467
193083
176700
193085
193087
176703
209472
209474
193090
176706
209476
176709
209478
193094
209481
193097
176714
209483
209485
176717
209487
193103
176720
209490
193107
176725
209494
193111
209498
193115
176731
209502
176736
193122
209509
209513
176745
193131
209516
193132
193133
176749
193134
193136
209521
176753
193138
193140
176757
209526
193143
209529
176764
209534
193151
176767
176770
209539
193155
176773
193158
209543
176778
193164
176780
209550
176782
209552
193168
209554
193172
209557
176790
209559
193176
209561
176793
209563
176796
209566
193183
209568
209570
209572
209575
193192
193193
209578
193194
193195
176812
209581
193197
193199
209584
193201
176817
193204
176820
209589
209591
176823
209593
209595
193212
176828
209598
209600
209602
193219
176835
209604
209607
209609
193226
209611
209613
209616
209618
209620
209622
193239
176855
209625
209626
209627
209628
209629
176861
209630
193246
209631
209632
209633
209636
176870
209639
193255
209642
193260
176878
209647
193264
209650
193267
176884
209653
209656
193272
176889
193276
209661
209664
176898
209667
193283
209670
193286
176903
209675
176908
193293
209678
209681
176913
193299
209684
209689
193305
193306
176922
209691
209693
193309
176925
209695
193312
176928
209698
209699
209700
209701
193317
176933
209702
193319
209704
176936
209706
193322
193323
176939
209708
193324
176942
209711
209715
193331
176947
209719
193336
176953
209723
176958
193343
209730
209734
176967
209737
176971
209742
176975
193361
176979
209748
209753
176986
193371
193372
176989
193376
176992
209762
176995
193380
209766
177000
209770
177002
193387
177004
209774
177007
177010
193395
209781
209783
209785
193402
209788
177020
209791
177024
193409
209794
209797
177031
209802
193419
209804
177037
209806
209808
193424
177042
209811
193428
209815
193433
209819
177051
193437
209823
177056
193444
177061
209830
209832
193449
209834
193450
177066
209836
193454
209839
209841
209843
193459
177075
209845
177078
193463
209848
177081
209850
193467
209852
177084
209854
209857
177089
193474
209860
177092
193477
209863
177095
193480
209866
177100
193485
209871
209873
193489
177106
209875
209877
193493
177111
209880
209881
209882
209883
209884
193500
209888
193504
177120
209892
193508
177124
209896
193512
177128
177132
209903
193519
193521
209907
193523
177139
209910
193526
177142
193528
177145
193530
209915
177148
193533
193535
209920
193537
177153
177155
209924
193540
177157
193544
177160
209931
177164
193549
209934
193552
209937
193555
177171
209940
177174
193559
209945
209947
193563
177179
209949
193567
177183
209952
209954
209956
209958
193574
177190
193576
209961
177193
193578
209963
209965
193581
209967
193583
193585
209970
193588
209973
193590
209976
193592
177208
209979
193595
177213
193598
209984
193601
209987
193604
177221
209990
209993
193609
193611
193613
209998
193616
177232
210001
193617
193618
193619
210004
193622
210007
193625
210012
193628
210015
193633
210018
210021
193637
193641
210026
210028
193645
210030
177262
210032
210035
210036
193652
210037
210038
210039
193655
210041
193658
210043
210045
193661
210048
193666
177282
210051
193669
210054
177286
193672
210057
177290
193677
210062
177294
210064
193681
210066
177299
210068
193684
210071
210073
193689
210075
177307
193692
210077
193694
177311
210080
193697
210082
193699
210084
193701
210086
193704
210089
210091
210093
193709
210095
210098
177330
210099
210100
193716
210101
210102
210103
177335
210104
210105
210106
193722
177341
193727
210112
210117
177350
210120
193740
210125
210128
177360
210130
193748
210134
193751
193752
210137
193756
193761
210147
193764
177380
210151
193767
177385
193771
210157
177389
193775
210162
193779
210164
177397
177401
193786
210171
193788
193790
177406
193792
210178
193795
210181
193797
177414
193799
210184
193801
177417
193804
193806
210192
193808
210194
193811
210197
193814
193817
210204
193822
210208
193824
193826
210213
193829
193830
193831
210216
193832
210218
210219
193837
210227
193844
210230
177462
193850
177466
210236
193854
210240
177474
210245
193862
177479
210249
193870
177486
193871
210256
193874
177490
193877
193880
210265
193883
177500
193886
177504
193889
210276
193892
177509
210279
193897
177513
210282
210285
193901
193905
210290
177523
210293
193909
210298
177531
193916
210301
193919
177536
210306
193922
210309
193925
177543
210314
193930
177546
193933
177549
210318
193936
177555
210325
193941
210328
193944
177560
193947
210333
193952
177569
193954
193956
210342
177574
193959
193961
210347
193963
177579
210350
193966
177584
210353
193969
193972
210358
193975
210361
177593
193980
177596
210366
193982
177599
193984
210369
193986
177604
193989
210374
193991
177607
210377
193993
177610
193995
177613
210382
193998
194000
210386
194002
177618
194005
177622
194007
210393
194009
210396
194012
194013
194014
177630
194015
194016
210401
194017
194018
177634
194021
177639
194024
194027
210412
177645
194032
210418
177650
194035
210421
194038
194041
177659
210430
194046
177663
194049
210434
177667
194052
210439
194055
177671
210443
194060
177678
194063
177681
210450
194066
177684
194069
177687
210458
194074
194076
177692
194078
177694
194080
177696
210467
194083
194084
194085
210470
194086
194087
210473
194089
194091
194093
210478
194096
210481
194101
210486
194105
210491
210494
177727
194112
210497
177731
194116
210502
177736
194121
210506
194126
177743
210513
194130
177747
210516
177752
194137
177756
210525
194143
210530
177766
210535
194152
210538
194154
177770
194157
210543
177775
194161
210546
177779
194164
210551
194169
210556
194172
177789
194174
210559
194177
177794
194181
210568
194185
177801
194189
210574
177807
210580
194196
177812
194198
210583
194200
194202
210588
194205
177821
210591
194207
194209
177826
194211
210596
194214
210599
177831
194216
194218
210604
194220
177836
194223
210609
194226
194229
177845
210615
210616
194232
177848
210619
177851
194237
210622
177854
194239
194241
210627
194243
177859
210630
194246
177862
194247
194248
194249
177865
194250
177870
210639
194255
177874
194259
210644
210647
210650
194266
177882
194270
210655
177888
210659
194275
177892
194279
177897
210666
194282
210669
194287
177903
194292
177908
210677
210682
194299
194301
177917
210687
194304
177921
194307
210693
194309
177925
210696
194312
177929
210699
194315
194317
210704
194320
177936
194323
177939
210709
194326
177942
210712
194329
177945
210717
194334
177950
177952
194338
177954
210725
177957
194342
210729
177961
194346
210732
210737
194353
177971
210740
194356
194359
177976
210745
194362
210748
194367
177983
194370
177986
210756
194373
177989
194376
210761
177993
210764
194381
210767
194384
194387
178003
210772
194390
210775
178007
210776
210777
210778
210779
194395
178012
210781
194397
210783
194399
178016
194401
210786
210788
194404
194406
210791
194408
194410
178026
194413
210798
194416
178032
194419
210805
178037
194422
210808
194427
178044
194429
210814
194431
194433
178050
210819
194436
210821
194438
178055
194440
210825
194442
194445
194447
210832
178064
194449
210834
194451
210837
178069
194454
194456
210842
194458
178074
194460
210847
194463
178079
194464
194465
194466
194467
194468
210853
194469
194470
194471
178088
194475
178091
210862
194478
178094
210863
210866
194483
178099
178102
210871
194487
210873
178105
194491
210876
178108
194495
178113
210884
178117
210886
194502
194505
210892
194508
178125
210895
194511
210899
194516
178133
194519
178137
210906
194522
210908
178142
210911
194527
194530
210916
178148
194533
178153
194538
194540
194542
210927
210928
194545
178162
210931
194547
194549
178166
210936
194552
210938
178170
210941
194557
178174
194564
210949
178181
210951
178184
194570
178187
210958
178190
194575
178195
210965
178197
178199
210968
194586
210973
210976
210978
194594
210980
194597
210983
178216
194601
210987
178220
194606
194609
210994
210996
194612
178230
210999
194616
211002
194620
178236
211007
194624
178241
211011
211014
194631
211016
178248
194633
211019
194635
194637
211022
178254
194640
194642
211027
178259
194644
211029
194646
194649
211035
194651
178268
194653
211038
194656
211041
178273
211042
194659
211045
194662
178278
211048
194667
178283
211052
194669
194671
194674
211059
194675
194676
178292
211061
194677
178295
194682
178298
211067
211070
178303
194689
178306
178309
211078
211079
194695
178312
194699
211084
178317
211086
211089
178321
194707
211092
211097
194713
178329
211099
194716
211102
194719
211105
178337
194722
211108
194725
178341
211112
194728
211113
178346
211115
194731
211118
194734
178352
194737
211122
178357
194742
211129
194745
211131
194748
178366
194751
211137
178370
211140
194756
178374
194759
211145
194762
178378
211149
194765
211152
178385
211154
194770
178388
211157
194773
178391
211160
194776
178394
211165
194781
211167
194783
178399
194785
178401
211170
178403
194788
211173
194789
194790
178406
194791
211176
211177
194793
178410
194795
211180
194798
211183
194801
211187
194804
178420
194807
211194
178426
211196
194812
194814
178431
194816
211202
194818
194821
178438
194823
211208
194825
178441
194827
178444
194830
211216
194832
178448
211217
194834
194837
211222
194839
211224
194841
178458
211227
194844
194845
211230
194846
178462
194847
194848
194849
194850
211235
178467
211237
194854
178471
211240
194858
211243
211246
194862
178481
211250
211251
211253
194869
211256
194872
211257
178489
194875
211260
194878
178494
194883
211268
178501
194886
211273
194889
178505
194892
178510
211281
194897
211282
211284
194900
178516
211286
194903
211288
178521
194906
211291
211294
211295
194911
194914
178530
194917
211303
178535
211304
194920
211306
178540
211309
194925
194927
211313
194929
178545
211314
194931
194934
194936
211321
194938
178554
211324
194940
178557
194943
178560
211329
178563
194948
211333
194952
178568
178571
211340
178574
211343
194959
194963
178579
211348
178583
211352
194968
194973
211359
178591
211361
194977
178595
211364
211368
194984
178600
194990
178606
211375
211377
178611
211380
194999
211384
195001
195004
178620
211391
195008
178624
211394
195011
178628
211399
195016
178632
211402
195019
195021
211407
178639
195024
178641
211411
178643
195028
178646
195032
178649
211418
211420
195036
178652
211423
178655
211427
195043
178660
195045
195047
178664
195049
211434
211436
195052
178669
195054
211439
195056
211442
195058
178676
195061
211447
195063
178680
195065
211450
195067
178685
195070
211455
195073
211458
178691
195076
211463
195079
178696
211465
211468
195084
195086
211471
195088
178705
195090
211476
195093
195094
178710
211479
195095
195096
195097
178715
211484
211486
195102
178720
211489
195106
211492
211497
195113
178729
211500
178732
195117
178735
211505
195122
211507
178740
211510
195126
178743
211513
195129
178746
178749
211518
195134
211521
178754
195139
211526
178758
211529
195146
195148
211534
195151
211536
178768
195154
211539
195156
178772
211543
195159
178777
195162
211547
195164
211551
195167
178783
195170
178788
195173
211558
195176
211562
195181
178797
211566
195184
178801
211570
195187
178805
195190
211577
178809
195195
211581
195198
178816
211585
195201
178818
195204
178820
211589
178823
195209
178826
211596
195212
178829
195215
178832
211601
195218
178837
195223
211608
195225
178841
195227
211612
195229
211615
195232
195233
195234
195235
178851
211620
195236
195238
195240
211625
178857
195242
211629
195245
178862
195248
211633
195251
211637
178869
195254
178873
195259
211644
195261
178878
195263
211648
195265
211652
195268
178884
195270
211656
195272
178889
195274
195277
211663
195279
195281
178898
211667
195283
195286
211671
178903
195288
195290
211675
195292
178908
195295
195296
195297
178913
211682
195298
195299
195300
195301
211686
195302
195303
211690
178922
195308
178925
211694
178928
195315
211701
178933
195319
178936
211705
195323
178939
211709
195325
178942
195328
211713
195330
178947
195333
195335
178951
211720
195338
178955
211724
211728
178960
195346
195347
211732
178966
195354
211739
178971
211742
195358
211745
195362
211748
178980
195366
178984
211753
195370
178988
211757
178992
211761
195377
195380
211765
195383
178999
179001
195386
179003
211772
179006
195391
211776
179009
195394
211780
179012
195397
179015
211784
195400
179020
195405
211791
195408
179024
211795
195411
179029
195414
211799
211803
195419
179036
195422
179039
195425
211810
179042
195428
211813
211816
179048
195433
211819
195435
195437
179053
195439
211824
195442
211828
195444
195446
179062
211832
195448
195451
179067
211836
195456
179072
211843
195460
211845
179077
211847
211849
195467
211852
179086
195471
211856
179089
211860
195476
179092
179095
211864
195481
179100
195485
211871
179103
211873
179106
211875
195492
211877
179111
211880
195498
179115
211885
195507
211892
195509
179125
211894
211896
195512
179129
211899
195516
211901
179134
195519
211904
211908
195524
179140
195527
211912
195529
179145
211916
195532
195536
179154
211923
195540
211925
179158
211927
195544
211929
179162
211932
179166
211935
195551
195553
211938
195555
211941
195557
179173
179175
195560
179177
211946
195562
195564
179180
211950
195566
179183
195569
211954
179186
195571
195573
179189
211958
195575
195578
211965
195581
195584
211969
179202
195587
211973
195592
211977
179209
195594
195596
195598
211984
195601
211986
195602
195603
179219
211988
195604
195605
211990
211993
195610
211996
179228
195614
211999
212002
195621
179238
212007
195625
179242
212012
195630
179246
195634
179250
195637
179257
195642
179262
195647
179266
195654
195656
179273
195659
179276
195662
179279
195664
179282
195667
195670
179287
195672
195675
179292
195678
179296
212065
195681
195684
212070
179303
195689
179307
212077
195693
179311
195697
179315
195701
179322
195708
179325
212095
195711
179328
195714
179331
195717
179336
212105
195722
179339
195725
212110
195728
179344
195731
179351
212120
195736
179354
195739
179357
195742
212128
195745
179362
195750
212136
195752
179369
195754
195756
179372
212141
195759
179376
195761
212146
195763
179380
212149
195765
195768
179384
195771
212157
195774
179391
195777
179396
195782
212167
195784
179400
195786
195788
195791
179407
212177
195793
179410
195795
195797
179413
195800
179416
195802
212187
195804
179421
212190
195806
195809
179426
195811
195813
179430
195815
195818
195819
195820
195821
179437
195822
212207
195823
195824
195825
179441
212210
195826
195829
179445
195832
179449
195835
212220
195840
179456
212227
179459
195844
179462
195848
179465
195852
212239
179474
195859
212244
179477
195862
212249
195865
179482
195868
179487
195873
195876
179492
195879
179495
195884
179500
195888
195891
179507
195896
179512
195899
195901
179517
195904
179520
195906
195908
179525
195911
179530
195916
212301
179533
179538
195923
212308
195929
179545
195934
212327
195947
212337
195955
212340
195958
179574
195962
179580
212350
195967
212353
195970
195973
195977
212363
179595
195981
212366
179600
195985
212373
195992
212378
195994
195996
195998
212383
212384
196001
179617
196003
196005
196007
179623
212392
196010
212396
196012
196014
212401
196017
196020
179638
196023
212409
179643
196028
196030
196032
212419
196035
196036
196037
196038
196043
179660
196050
212436
179670
196056
212441
196060
179678
212449
196068
212456
179688
196074
196077
196080
212466
196083
179700
196086
212473
196089
196092
179708
196095
179713
196098
196103
179722
196107
196111
179727
196115
196122
196125
196128
212515
196131
179747
196136
179752
212523
196139
196142
179761
212530
196147
196150
179766
196153
196158
196160
196162
212547
196165
196167
179783
196169
212554
196172
196175
179793
212562
196178
212565
196181
179798
212568
196186
212571
196188
179804
196190
212576
196192
196195
196197
179813
196199
212584
196201
179817
212587
196204
212589
179821
196206
212591
196208
212593
196211
212596
179828
212597
196213
212598
212599
196215
212600
196218
196219
196220
196221
196222
179838
212607
196223
196224
212610
196227
196230
179847
196233
212618
212620
212622
196238
212624
196241
212627
196244
212631
196247
179864
212636
196252
179870
196255
212641
196258
179874
196261
179877
212648
196266
179882
212651
212652
212653
196269
212654
179886
212655
196272
179890
196275
212662
179894
196280
196282
196284
179901
212670
196286
179903
212672
196289
179905
212674
196290
196291
179907
212676
196292
196293
179910
212679
196295
196297
212682
179914
212683
196299
212684
212685
179917
212686
196302
212687
212688
212689
212690
179922
196307
212693
179925
196311
179928
179931
212700
196318
179936
196322
179938
212708
179940
179942
196327
212713
196332
196336
196343
179963
212733
196349
179967
212736
212737
212738
179970
212739
212740
196358
212743
179975
196360
196363
179979
212750
196367
179983
196370
179987
212757
196375
212762
196378
179994
196380
179996
179998
196383
180000
196387
180003
196391
180007
212778
180010
196395
180015
212784
196402
180018
196404
180021
196406
212791
196408
180024
196411
196413
180029
196415
180031
196417
180033
180035
196420
196422
196424
196426
196429
196432
196435
180051
212820
196438
212823
180058
196443
180060
196445
196447
180063
212832
196449
212835
196452
196453
196454
180070
196455
196456
196461
180077
180079
212849
196465
180082
212855
180087
196472
196476
212862
212864
180096
196481
212866
180098
212868
196485
180101
212871
196488
180108
212877
196493
212878
180113
196498
180115
212885
212886
180118
212887
212888
212889
196505
212890
196507
180123
196510
212895
196513
196515
212901
196518
212903
212905
196521
212907
196523
212910
196526
212911
196529
212916
196532
180149
212919
196535
180154
196540
212927
196543
212928
180161
196546
196549
180166
212935
196554
180171
212940
196557
196560
180176
212947
196563
212951
180183
196568
196571
212956
180188
196574
212959
212960
212961
196577
212962
212963
196582
196584
212970
196586
212971
212972
196588
212973
212974
196591
196592
196593
196594
196595
212980
196597
212982
196599
212984
196601
212986
196604
212989
196607
)


// ************************************************************************* //
