/*--------------------------------*- C++ -*----------------------------------*\
| =========                 |                                                 |
| \\      /  F ield         | OpenFOAM: The Open Source CFD Toolbox           |
|  \\    /   O peration     | Version:  2206                                  |
|   \\  /    A nd           | Website:  www.openfoam.com                      |
|    \\/     M anipulation  |                                                 |
\*---------------------------------------------------------------------------*/
FoamFile
{
    version     2.0;
    format      ascii;
    arch        "LSB;label=32;scalar=64";
    class       vectorField;
    location    "constant/polyMesh";
    object      points;
}
// * * * * * * * * * * * * * * * * * * * * * * * * * * * * * * * * * * * * * //


1701
(
(-3 -6 -3)
(-2.25 -6 -3)
(-1.5 -6 -3)
(-0.75 -6 -3)
(0 -6 -3)
(0.75 -6 -3)
(1.5 -6 -3)
(2.25 -6 -3)
(3 -6 -3)
(-3 -5.55 -3)
(-2.25 -5.55 -3)
(-1.5 -5.55 -3)
(-0.75 -5.55 -3)
(0 -5.55 -3)
(0.75 -5.55 -3)
(1.5 -5.55 -3)
(2.25 -5.55 -3)
(3 -5.55 -3)
(-3 -5.1 -3)
(-2.25 -5.1 -3)
(-1.5 -5.1 -3)
(-0.75 -5.1 -3)
(0 -5.1 -3)
(0.75 -5.1 -3)
(1.5 -5.1 -3)
(2.25 -5.1 -3)
(3 -5.1 -3)
(-3 -4.65 -3)
(-2.25 -4.65 -3)
(-1.5 -4.65 -3)
(-0.75 -4.65 -3)
(0 -4.65 -3)
(0.75 -4.65 -3)
(1.5 -4.65 -3)
(2.25 -4.65 -3)
(3 -4.65 -3)
(-3 -4.2 -3)
(-2.25 -4.2 -3)
(-1.5 -4.2 -3)
(-0.75 -4.2 -3)
(0 -4.2 -3)
(0.75 -4.2 -3)
(1.5 -4.2 -3)
(2.25 -4.2 -3)
(3 -4.2 -3)
(-3 -3.75 -3)
(-2.25 -3.75 -3)
(-1.5 -3.75 -3)
(-0.75 -3.75 -3)
(0 -3.75 -3)
(0.75 -3.75 -3)
(1.5 -3.75 -3)
(2.25 -3.75 -3)
(3 -3.75 -3)
(-3 -3.3 -3)
(-2.25 -3.3 -3)
(-1.5 -3.3 -3)
(-0.75 -3.3 -3)
(0 -3.3 -3)
(0.75 -3.3 -3)
(1.5 -3.3 -3)
(2.25 -3.3 -3)
(3 -3.3 -3)
(-3 -2.85 -3)
(-2.25 -2.85 -3)
(-1.5 -2.85 -3)
(-0.75 -2.85 -3)
(0 -2.85 -3)
(0.75 -2.85 -3)
(1.5 -2.85 -3)
(2.25 -2.85 -3)
(3 -2.85 -3)
(-3 -2.4 -3)
(-2.25 -2.4 -3)
(-1.5 -2.4 -3)
(-0.75 -2.4 -3)
(0 -2.4 -3)
(0.75 -2.4 -3)
(1.5 -2.4 -3)
(2.25 -2.4 -3)
(3 -2.4 -3)
(-3 -1.95 -3)
(-2.25 -1.95 -3)
(-1.5 -1.95 -3)
(-0.75 -1.95 -3)
(0 -1.95 -3)
(0.75 -1.95 -3)
(1.5 -1.95 -3)
(2.25 -1.95 -3)
(3 -1.95 -3)
(-3 -1.5 -3)
(-2.25 -1.5 -3)
(-1.5 -1.5 -3)
(-0.75 -1.5 -3)
(0 -1.5 -3)
(0.75 -1.5 -3)
(1.5 -1.5 -3)
(2.25 -1.5 -3)
(3 -1.5 -3)
(-3 -1.05 -3)
(-2.25 -1.05 -3)
(-1.5 -1.05 -3)
(-0.75 -1.05 -3)
(0 -1.05 -3)
(0.75 -1.05 -3)
(1.5 -1.05 -3)
(2.25 -1.05 -3)
(3 -1.05 -3)
(-3 -0.6 -3)
(-2.25 -0.6 -3)
(-1.5 -0.6 -3)
(-0.75 -0.6 -3)
(0 -0.6 -3)
(0.75 -0.6 -3)
(1.5 -0.6 -3)
(2.25 -0.6 -3)
(3 -0.6 -3)
(-3 -0.15 -3)
(-2.25 -0.15 -3)
(-1.5 -0.15 -3)
(-0.75 -0.15 -3)
(0 -0.15 -3)
(0.75 -0.15 -3)
(1.5 -0.15 -3)
(2.25 -0.15 -3)
(3 -0.15 -3)
(-3 0.3 -3)
(-2.25 0.3 -3)
(-1.5 0.3 -3)
(-0.75 0.3 -3)
(0 0.3 -3)
(0.75 0.3 -3)
(1.5 0.3 -3)
(2.25 0.3 -3)
(3 0.3 -3)
(-3 0.75 -3)
(-2.25 0.75 -3)
(-1.5 0.75 -3)
(-0.75 0.75 -3)
(0 0.75 -3)
(0.75 0.75 -3)
(1.5 0.75 -3)
(2.25 0.75 -3)
(3 0.75 -3)
(-3 1.2 -3)
(-2.25 1.2 -3)
(-1.5 1.2 -3)
(-0.75 1.2 -3)
(0 1.2 -3)
(0.75 1.2 -3)
(1.5 1.2 -3)
(2.25 1.2 -3)
(3 1.2 -3)
(-3 1.65 -3)
(-2.25 1.65 -3)
(-1.5 1.65 -3)
(-0.75 1.65 -3)
(0 1.65 -3)
(0.75 1.65 -3)
(1.5 1.65 -3)
(2.25 1.65 -3)
(3 1.65 -3)
(-3 2.1 -3)
(-2.25 2.1 -3)
(-1.5 2.1 -3)
(-0.75 2.1 -3)
(0 2.1 -3)
(0.75 2.1 -3)
(1.5 2.1 -3)
(2.25 2.1 -3)
(3 2.1 -3)
(-3 2.55 -3)
(-2.25 2.55 -3)
(-1.5 2.55 -3)
(-0.75 2.55 -3)
(0 2.55 -3)
(0.75 2.55 -3)
(1.5 2.55 -3)
(2.25 2.55 -3)
(3 2.55 -3)
(-3 3 -3)
(-2.25 3 -3)
(-1.5 3 -3)
(-0.75 3 -3)
(0 3 -3)
(0.75 3 -3)
(1.5 3 -3)
(2.25 3 -3)
(3 3 -3)
(-3 -6 -2.25)
(-2.25 -6 -2.25)
(-1.5 -6 -2.25)
(-0.75 -6 -2.25)
(0 -6 -2.25)
(0.75 -6 -2.25)
(1.5 -6 -2.25)
(2.25 -6 -2.25)
(3 -6 -2.25)
(-3 -5.55 -2.25)
(-2.25 -5.55 -2.25)
(-1.5 -5.55 -2.25)
(-0.75 -5.55 -2.25)
(0 -5.55 -2.25)
(0.75 -5.55 -2.25)
(1.5 -5.55 -2.25)
(2.25 -5.55 -2.25)
(3 -5.55 -2.25)
(-3 -5.1 -2.25)
(-2.25 -5.1 -2.25)
(-1.5 -5.1 -2.25)
(-0.75 -5.1 -2.25)
(0 -5.1 -2.25)
(0.75 -5.1 -2.25)
(1.5 -5.1 -2.25)
(2.25 -5.1 -2.25)
(3 -5.1 -2.25)
(-3 -4.65 -2.25)
(-2.25 -4.65 -2.25)
(-1.5 -4.65 -2.25)
(-0.75 -4.65 -2.25)
(0 -4.65 -2.25)
(0.75 -4.65 -2.25)
(1.5 -4.65 -2.25)
(2.25 -4.65 -2.25)
(3 -4.65 -2.25)
(-3 -4.2 -2.25)
(-2.25 -4.2 -2.25)
(-1.5 -4.2 -2.25)
(-0.75 -4.2 -2.25)
(0 -4.2 -2.25)
(0.75 -4.2 -2.25)
(1.5 -4.2 -2.25)
(2.25 -4.2 -2.25)
(3 -4.2 -2.25)
(-3 -3.75 -2.25)
(-2.25 -3.75 -2.25)
(-1.5 -3.75 -2.25)
(-0.75 -3.75 -2.25)
(0 -3.75 -2.25)
(0.75 -3.75 -2.25)
(1.5 -3.75 -2.25)
(2.25 -3.75 -2.25)
(3 -3.75 -2.25)
(-3 -3.3 -2.25)
(-2.25 -3.3 -2.25)
(-1.5 -3.3 -2.25)
(-0.75 -3.3 -2.25)
(0 -3.3 -2.25)
(0.75 -3.3 -2.25)
(1.5 -3.3 -2.25)
(2.25 -3.3 -2.25)
(3 -3.3 -2.25)
(-3 -2.85 -2.25)
(-2.25 -2.85 -2.25)
(-1.5 -2.85 -2.25)
(-0.75 -2.85 -2.25)
(0 -2.85 -2.25)
(0.75 -2.85 -2.25)
(1.5 -2.85 -2.25)
(2.25 -2.85 -2.25)
(3 -2.85 -2.25)
(-3 -2.4 -2.25)
(-2.25 -2.4 -2.25)
(-1.5 -2.4 -2.25)
(-0.75 -2.4 -2.25)
(0 -2.4 -2.25)
(0.75 -2.4 -2.25)
(1.5 -2.4 -2.25)
(2.25 -2.4 -2.25)
(3 -2.4 -2.25)
(-3 -1.95 -2.25)
(-2.25 -1.95 -2.25)
(-1.5 -1.95 -2.25)
(-0.75 -1.95 -2.25)
(0 -1.95 -2.25)
(0.75 -1.95 -2.25)
(1.5 -1.95 -2.25)
(2.25 -1.95 -2.25)
(3 -1.95 -2.25)
(-3 -1.5 -2.25)
(-2.25 -1.5 -2.25)
(-1.5 -1.5 -2.25)
(-0.75 -1.5 -2.25)
(0 -1.5 -2.25)
(0.75 -1.5 -2.25)
(1.5 -1.5 -2.25)
(2.25 -1.5 -2.25)
(3 -1.5 -2.25)
(-3 -1.05 -2.25)
(-2.25 -1.05 -2.25)
(-1.5 -1.05 -2.25)
(-0.75 -1.05 -2.25)
(0 -1.05 -2.25)
(0.75 -1.05 -2.25)
(1.5 -1.05 -2.25)
(2.25 -1.05 -2.25)
(3 -1.05 -2.25)
(-3 -0.6 -2.25)
(-2.25 -0.6 -2.25)
(-1.5 -0.6 -2.25)
(-0.75 -0.6 -2.25)
(0 -0.6 -2.25)
(0.75 -0.6 -2.25)
(1.5 -0.6 -2.25)
(2.25 -0.6 -2.25)
(3 -0.6 -2.25)
(-3 -0.15 -2.25)
(-2.25 -0.15 -2.25)
(-1.5 -0.15 -2.25)
(-0.75 -0.15 -2.25)
(0 -0.15 -2.25)
(0.75 -0.15 -2.25)
(1.5 -0.15 -2.25)
(2.25 -0.15 -2.25)
(3 -0.15 -2.25)
(-3 0.3 -2.25)
(-2.25 0.3 -2.25)
(-1.5 0.3 -2.25)
(-0.75 0.3 -2.25)
(0 0.3 -2.25)
(0.75 0.3 -2.25)
(1.5 0.3 -2.25)
(2.25 0.3 -2.25)
(3 0.3 -2.25)
(-3 0.75 -2.25)
(-2.25 0.75 -2.25)
(-1.5 0.75 -2.25)
(-0.75 0.75 -2.25)
(0 0.75 -2.25)
(0.75 0.75 -2.25)
(1.5 0.75 -2.25)
(2.25 0.75 -2.25)
(3 0.75 -2.25)
(-3 1.2 -2.25)
(-2.25 1.2 -2.25)
(-1.5 1.2 -2.25)
(-0.75 1.2 -2.25)
(0 1.2 -2.25)
(0.75 1.2 -2.25)
(1.5 1.2 -2.25)
(2.25 1.2 -2.25)
(3 1.2 -2.25)
(-3 1.65 -2.25)
(-2.25 1.65 -2.25)
(-1.5 1.65 -2.25)
(-0.75 1.65 -2.25)
(0 1.65 -2.25)
(0.75 1.65 -2.25)
(1.5 1.65 -2.25)
(2.25 1.65 -2.25)
(3 1.65 -2.25)
(-3 2.1 -2.25)
(-2.25 2.1 -2.25)
(-1.5 2.1 -2.25)
(-0.75 2.1 -2.25)
(0 2.1 -2.25)
(0.75 2.1 -2.25)
(1.5 2.1 -2.25)
(2.25 2.1 -2.25)
(3 2.1 -2.25)
(-3 2.55 -2.25)
(-2.25 2.55 -2.25)
(-1.5 2.55 -2.25)
(-0.75 2.55 -2.25)
(0 2.55 -2.25)
(0.75 2.55 -2.25)
(1.5 2.55 -2.25)
(2.25 2.55 -2.25)
(3 2.55 -2.25)
(-3 3 -2.25)
(-2.25 3 -2.25)
(-1.5 3 -2.25)
(-0.75 3 -2.25)
(0 3 -2.25)
(0.75 3 -2.25)
(1.5 3 -2.25)
(2.25 3 -2.25)
(3 3 -2.25)
(-3 -6 -1.5)
(-2.25 -6 -1.5)
(-1.5 -6 -1.5)
(-0.75 -6 -1.5)
(0 -6 -1.5)
(0.75 -6 -1.5)
(1.5 -6 -1.5)
(2.25 -6 -1.5)
(3 -6 -1.5)
(-3 -5.55 -1.5)
(-2.25 -5.55 -1.5)
(-1.5 -5.55 -1.5)
(-0.75 -5.55 -1.5)
(0 -5.55 -1.5)
(0.75 -5.55 -1.5)
(1.5 -5.55 -1.5)
(2.25 -5.55 -1.5)
(3 -5.55 -1.5)
(-3 -5.1 -1.5)
(-2.25 -5.1 -1.5)
(-1.5 -5.1 -1.5)
(-0.75 -5.1 -1.5)
(0 -5.1 -1.5)
(0.75 -5.1 -1.5)
(1.5 -5.1 -1.5)
(2.25 -5.1 -1.5)
(3 -5.1 -1.5)
(-3 -4.65 -1.5)
(-2.25 -4.65 -1.5)
(-1.5 -4.65 -1.5)
(-0.75 -4.65 -1.5)
(0 -4.65 -1.5)
(0.75 -4.65 -1.5)
(1.5 -4.65 -1.5)
(2.25 -4.65 -1.5)
(3 -4.65 -1.5)
(-3 -4.2 -1.5)
(-2.25 -4.2 -1.5)
(-1.5 -4.2 -1.5)
(-0.75 -4.2 -1.5)
(0 -4.2 -1.5)
(0.75 -4.2 -1.5)
(1.5 -4.2 -1.5)
(2.25 -4.2 -1.5)
(3 -4.2 -1.5)
(-3 -3.75 -1.5)
(-2.25 -3.75 -1.5)
(-1.5 -3.75 -1.5)
(-0.75 -3.75 -1.5)
(0 -3.75 -1.5)
(0.75 -3.75 -1.5)
(1.5 -3.75 -1.5)
(2.25 -3.75 -1.5)
(3 -3.75 -1.5)
(-3 -3.3 -1.5)
(-2.25 -3.3 -1.5)
(-1.5 -3.3 -1.5)
(-0.75 -3.3 -1.5)
(0 -3.3 -1.5)
(0.75 -3.3 -1.5)
(1.5 -3.3 -1.5)
(2.25 -3.3 -1.5)
(3 -3.3 -1.5)
(-3 -2.85 -1.5)
(-2.25 -2.85 -1.5)
(-1.5 -2.85 -1.5)
(-0.75 -2.85 -1.5)
(0 -2.85 -1.5)
(0.75 -2.85 -1.5)
(1.5 -2.85 -1.5)
(2.25 -2.85 -1.5)
(3 -2.85 -1.5)
(-3 -2.4 -1.5)
(-2.25 -2.4 -1.5)
(-1.5 -2.4 -1.5)
(-0.75 -2.4 -1.5)
(0 -2.4 -1.5)
(0.75 -2.4 -1.5)
(1.5 -2.4 -1.5)
(2.25 -2.4 -1.5)
(3 -2.4 -1.5)
(-3 -1.95 -1.5)
(-2.25 -1.95 -1.5)
(-1.5 -1.95 -1.5)
(-0.75 -1.95 -1.5)
(0 -1.95 -1.5)
(0.75 -1.95 -1.5)
(1.5 -1.95 -1.5)
(2.25 -1.95 -1.5)
(3 -1.95 -1.5)
(-3 -1.5 -1.5)
(-2.25 -1.5 -1.5)
(-1.5 -1.5 -1.5)
(-0.75 -1.5 -1.5)
(0 -1.5 -1.5)
(0.75 -1.5 -1.5)
(1.5 -1.5 -1.5)
(2.25 -1.5 -1.5)
(3 -1.5 -1.5)
(-3 -1.05 -1.5)
(-2.25 -1.05 -1.5)
(-1.5 -1.05 -1.5)
(-0.75 -1.05 -1.5)
(0 -1.05 -1.5)
(0.75 -1.05 -1.5)
(1.5 -1.05 -1.5)
(2.25 -1.05 -1.5)
(3 -1.05 -1.5)
(-3 -0.6 -1.5)
(-2.25 -0.6 -1.5)
(-1.5 -0.6 -1.5)
(-0.75 -0.6 -1.5)
(0 -0.6 -1.5)
(0.75 -0.6 -1.5)
(1.5 -0.6 -1.5)
(2.25 -0.6 -1.5)
(3 -0.6 -1.5)
(-3 -0.15 -1.5)
(-2.25 -0.15 -1.5)
(-1.5 -0.15 -1.5)
(-0.75 -0.15 -1.5)
(0 -0.15 -1.5)
(0.75 -0.15 -1.5)
(1.5 -0.15 -1.5)
(2.25 -0.15 -1.5)
(3 -0.15 -1.5)
(-3 0.3 -1.5)
(-2.25 0.3 -1.5)
(-1.5 0.3 -1.5)
(-0.75 0.3 -1.5)
(0 0.3 -1.5)
(0.75 0.3 -1.5)
(1.5 0.3 -1.5)
(2.25 0.3 -1.5)
(3 0.3 -1.5)
(-3 0.75 -1.5)
(-2.25 0.75 -1.5)
(-1.5 0.75 -1.5)
(-0.75 0.75 -1.5)
(0 0.75 -1.5)
(0.75 0.75 -1.5)
(1.5 0.75 -1.5)
(2.25 0.75 -1.5)
(3 0.75 -1.5)
(-3 1.2 -1.5)
(-2.25 1.2 -1.5)
(-1.5 1.2 -1.5)
(-0.75 1.2 -1.5)
(0 1.2 -1.5)
(0.75 1.2 -1.5)
(1.5 1.2 -1.5)
(2.25 1.2 -1.5)
(3 1.2 -1.5)
(-3 1.65 -1.5)
(-2.25 1.65 -1.5)
(-1.5 1.65 -1.5)
(-0.75 1.65 -1.5)
(0 1.65 -1.5)
(0.75 1.65 -1.5)
(1.5 1.65 -1.5)
(2.25 1.65 -1.5)
(3 1.65 -1.5)
(-3 2.1 -1.5)
(-2.25 2.1 -1.5)
(-1.5 2.1 -1.5)
(-0.75 2.1 -1.5)
(0 2.1 -1.5)
(0.75 2.1 -1.5)
(1.5 2.1 -1.5)
(2.25 2.1 -1.5)
(3 2.1 -1.5)
(-3 2.55 -1.5)
(-2.25 2.55 -1.5)
(-1.5 2.55 -1.5)
(-0.75 2.55 -1.5)
(0 2.55 -1.5)
(0.75 2.55 -1.5)
(1.5 2.55 -1.5)
(2.25 2.55 -1.5)
(3 2.55 -1.5)
(-3 3 -1.5)
(-2.25 3 -1.5)
(-1.5 3 -1.5)
(-0.75 3 -1.5)
(0 3 -1.5)
(0.75 3 -1.5)
(1.5 3 -1.5)
(2.25 3 -1.5)
(3 3 -1.5)
(-3 -6 -0.75)
(-2.25 -6 -0.75)
(-1.5 -6 -0.75)
(-0.75 -6 -0.75)
(0 -6 -0.75)
(0.75 -6 -0.75)
(1.5 -6 -0.75)
(2.25 -6 -0.75)
(3 -6 -0.75)
(-3 -5.55 -0.75)
(-2.25 -5.55 -0.75)
(-1.5 -5.55 -0.75)
(-0.75 -5.55 -0.75)
(0 -5.55 -0.75)
(0.75 -5.55 -0.75)
(1.5 -5.55 -0.75)
(2.25 -5.55 -0.75)
(3 -5.55 -0.75)
(-3 -5.1 -0.75)
(-2.25 -5.1 -0.75)
(-1.5 -5.1 -0.75)
(-0.75 -5.1 -0.75)
(0 -5.1 -0.75)
(0.75 -5.1 -0.75)
(1.5 -5.1 -0.75)
(2.25 -5.1 -0.75)
(3 -5.1 -0.75)
(-3 -4.65 -0.75)
(-2.25 -4.65 -0.75)
(-1.5 -4.65 -0.75)
(-0.75 -4.65 -0.75)
(0 -4.65 -0.75)
(0.75 -4.65 -0.75)
(1.5 -4.65 -0.75)
(2.25 -4.65 -0.75)
(3 -4.65 -0.75)
(-3 -4.2 -0.75)
(-2.25 -4.2 -0.75)
(-1.5 -4.2 -0.75)
(-0.75 -4.2 -0.75)
(0 -4.2 -0.75)
(0.75 -4.2 -0.75)
(1.5 -4.2 -0.75)
(2.25 -4.2 -0.75)
(3 -4.2 -0.75)
(-3 -3.75 -0.75)
(-2.25 -3.75 -0.75)
(-1.5 -3.75 -0.75)
(-0.75 -3.75 -0.75)
(0 -3.75 -0.75)
(0.75 -3.75 -0.75)
(1.5 -3.75 -0.75)
(2.25 -3.75 -0.75)
(3 -3.75 -0.75)
(-3 -3.3 -0.75)
(-2.25 -3.3 -0.75)
(-1.5 -3.3 -0.75)
(-0.75 -3.3 -0.75)
(0 -3.3 -0.75)
(0.75 -3.3 -0.75)
(1.5 -3.3 -0.75)
(2.25 -3.3 -0.75)
(3 -3.3 -0.75)
(-3 -2.85 -0.75)
(-2.25 -2.85 -0.75)
(-1.5 -2.85 -0.75)
(-0.75 -2.85 -0.75)
(0 -2.85 -0.75)
(0.75 -2.85 -0.75)
(1.5 -2.85 -0.75)
(2.25 -2.85 -0.75)
(3 -2.85 -0.75)
(-3 -2.4 -0.75)
(-2.25 -2.4 -0.75)
(-1.5 -2.4 -0.75)
(-0.75 -2.4 -0.75)
(0 -2.4 -0.75)
(0.75 -2.4 -0.75)
(1.5 -2.4 -0.75)
(2.25 -2.4 -0.75)
(3 -2.4 -0.75)
(-3 -1.95 -0.75)
(-2.25 -1.95 -0.75)
(-1.5 -1.95 -0.75)
(-0.75 -1.95 -0.75)
(0 -1.95 -0.75)
(0.75 -1.95 -0.75)
(1.5 -1.95 -0.75)
(2.25 -1.95 -0.75)
(3 -1.95 -0.75)
(-3 -1.5 -0.75)
(-2.25 -1.5 -0.75)
(-1.5 -1.5 -0.75)
(-0.75 -1.5 -0.75)
(0 -1.5 -0.75)
(0.75 -1.5 -0.75)
(1.5 -1.5 -0.75)
(2.25 -1.5 -0.75)
(3 -1.5 -0.75)
(-3 -1.05 -0.75)
(-2.25 -1.05 -0.75)
(-1.5 -1.05 -0.75)
(-0.75 -1.05 -0.75)
(0 -1.05 -0.75)
(0.75 -1.05 -0.75)
(1.5 -1.05 -0.75)
(2.25 -1.05 -0.75)
(3 -1.05 -0.75)
(-3 -0.6 -0.75)
(-2.25 -0.6 -0.75)
(-1.5 -0.6 -0.75)
(-0.75 -0.6 -0.75)
(0 -0.6 -0.75)
(0.75 -0.6 -0.75)
(1.5 -0.6 -0.75)
(2.25 -0.6 -0.75)
(3 -0.6 -0.75)
(-3 -0.15 -0.75)
(-2.25 -0.15 -0.75)
(-1.5 -0.15 -0.75)
(-0.75 -0.15 -0.75)
(0 -0.15 -0.75)
(0.75 -0.15 -0.75)
(1.5 -0.15 -0.75)
(2.25 -0.15 -0.75)
(3 -0.15 -0.75)
(-3 0.3 -0.75)
(-2.25 0.3 -0.75)
(-1.5 0.3 -0.75)
(-0.75 0.3 -0.75)
(0 0.3 -0.75)
(0.75 0.3 -0.75)
(1.5 0.3 -0.75)
(2.25 0.3 -0.75)
(3 0.3 -0.75)
(-3 0.75 -0.75)
(-2.25 0.75 -0.75)
(-1.5 0.75 -0.75)
(-0.75 0.75 -0.75)
(0 0.75 -0.75)
(0.75 0.75 -0.75)
(1.5 0.75 -0.75)
(2.25 0.75 -0.75)
(3 0.75 -0.75)
(-3 1.2 -0.75)
(-2.25 1.2 -0.75)
(-1.5 1.2 -0.75)
(-0.75 1.2 -0.75)
(0 1.2 -0.75)
(0.75 1.2 -0.75)
(1.5 1.2 -0.75)
(2.25 1.2 -0.75)
(3 1.2 -0.75)
(-3 1.65 -0.75)
(-2.25 1.65 -0.75)
(-1.5 1.65 -0.75)
(-0.75 1.65 -0.75)
(0 1.65 -0.75)
(0.75 1.65 -0.75)
(1.5 1.65 -0.75)
(2.25 1.65 -0.75)
(3 1.65 -0.75)
(-3 2.1 -0.75)
(-2.25 2.1 -0.75)
(-1.5 2.1 -0.75)
(-0.75 2.1 -0.75)
(0 2.1 -0.75)
(0.75 2.1 -0.75)
(1.5 2.1 -0.75)
(2.25 2.1 -0.75)
(3 2.1 -0.75)
(-3 2.55 -0.75)
(-2.25 2.55 -0.75)
(-1.5 2.55 -0.75)
(-0.75 2.55 -0.75)
(0 2.55 -0.75)
(0.75 2.55 -0.75)
(1.5 2.55 -0.75)
(2.25 2.55 -0.75)
(3 2.55 -0.75)
(-3 3 -0.75)
(-2.25 3 -0.75)
(-1.5 3 -0.75)
(-0.75 3 -0.75)
(0 3 -0.75)
(0.75 3 -0.75)
(1.5 3 -0.75)
(2.25 3 -0.75)
(3 3 -0.75)
(-3 -6 0)
(-2.25 -6 0)
(-1.5 -6 0)
(-0.75 -6 0)
(0 -6 0)
(0.75 -6 0)
(1.5 -6 0)
(2.25 -6 0)
(3 -6 0)
(-3 -5.55 0)
(-2.25 -5.55 0)
(-1.5 -5.55 0)
(-0.75 -5.55 -3.700743415e-17)
(0 -5.55 0)
(0.75 -5.55 -3.700743415e-17)
(1.5 -5.55 3.700743415e-17)
(2.25 -5.55 1.850371708e-17)
(3 -5.55 0)
(-3 -5.1 0)
(-2.25 -5.1 0)
(-1.5 -5.1 0)
(-0.75 -5.1 0)
(0 -5.1 0)
(0.75 -5.1 0)
(1.5 -5.1 0)
(2.25 -5.1 0)
(3 -5.1 0)
(-3 -4.65 0)
(-2.25 -4.65 0)
(-1.5 -4.65 0)
(-0.75 -4.65 0)
(0 -4.65 0)
(0.75 -4.65 0)
(1.5 -4.65 0)
(2.25 -4.65 0)
(3 -4.65 0)
(-3 -4.2 0)
(-2.25 -4.2 0)
(-1.5 -4.2 0)
(-0.75 -4.2 3.700743415e-17)
(0 -4.2 0)
(0.75 -4.2 3.700743415e-17)
(1.5 -4.2 0)
(2.25 -4.2 0)
(3 -4.2 0)
(-3 -3.75 0)
(-2.25 -3.75 0)
(-1.5 -3.75 0)
(-0.75 -3.75 0)
(0 -3.75 0)
(0.75 -3.75 0)
(1.5 -3.75 0)
(2.25 -3.75 0)
(3 -3.75 0)
(-3 -3.3 0)
(-2.25 -3.3 0)
(-1.5 -3.3 0)
(-0.75 -3.3 -3.700743415e-17)
(0 -3.3 0)
(0.75 -3.3 -3.700743415e-17)
(1.5 -3.3 3.700743415e-17)
(2.25 -3.3 0)
(3 -3.3 0)
(-3 -2.85 0)
(-2.25 -2.85 0)
(-1.5 -2.85 0)
(-0.75 -2.85 0)
(0 -2.85 0)
(0.75 -2.85 0)
(1.5 -2.85 0)
(2.25 -2.85 0)
(3 -2.85 0)
(-3 -2.4 0)
(-2.25 -2.4 0)
(-1.5 -2.4 0)
(-0.75 -2.4 0)
(0 -2.4 0)
(0.75 -2.4 0)
(1.5 -2.4 0)
(2.25 -2.4 0)
(3 -2.4 0)
(-3 -1.95 0)
(-2.25 -1.95 0)
(-1.5 -1.95 0)
(-0.75 -1.95 0)
(0 -1.95 0)
(0.75 -1.95 0)
(1.5 -1.95 0)
(2.25 -1.95 0)
(3 -1.95 0)
(-3 -1.5 0)
(-2.25 -1.5 0)
(-1.5 -1.5 0)
(-0.75 -1.5 0)
(0 -1.5 0)
(0.75 -1.5 0)
(1.5 -1.5 0)
(2.25 -1.5 0)
(3 -1.5 0)
(-3 -1.05 0)
(-2.25 -1.05 0)
(-1.5 -1.05 0)
(-0.75 -1.05 0)
(0 -1.05 0)
(0.75 -1.05 0)
(1.5 -1.05 0)
(2.25 -1.05 0)
(3 -1.05 0)
(-3 -0.6 0)
(-2.25 -0.6 0)
(-1.5 -0.6 0)
(-0.75 -0.6 0)
(0 -0.6 0)
(0.75 -0.6 0)
(1.5 -0.6 0)
(2.25 -0.6 0)
(3 -0.6 0)
(-3 -0.15 0)
(-2.25 -0.15 0)
(-1.5 -0.15 0)
(-0.75 -0.15 0)
(0 -0.15 0)
(0.75 -0.15 0)
(1.5 -0.15 0)
(2.25 -0.15 0)
(3 -0.15 0)
(-3 0.3 0)
(-2.25 0.3 0)
(-1.5 0.3 0)
(-0.75 0.3 0)
(0 0.3 0)
(0.75 0.3 0)
(1.5 0.3 0)
(2.25 0.3 0)
(3 0.3 0)
(-3 0.75 0)
(-2.25 0.75 0)
(-1.5 0.75 0)
(-0.75 0.75 0)
(0 0.75 0)
(0.75 0.75 0)
(1.5 0.75 0)
(2.25 0.75 0)
(3 0.75 0)
(-3 1.2 0)
(-2.25 1.2 0)
(-1.5 1.2 0)
(-0.75 1.2 0)
(0 1.2 0)
(0.75 1.2 0)
(1.5 1.2 0)
(2.25 1.2 0)
(3 1.2 0)
(-3 1.65 0)
(-2.25 1.65 0)
(-1.5 1.65 0)
(-0.75 1.65 0)
(0 1.65 0)
(0.75 1.65 0)
(1.5 1.65 0)
(2.25 1.65 0)
(3 1.65 0)
(-3 2.1 0)
(-2.25 2.1 0)
(-1.5 2.1 0)
(-0.75 2.1 0)
(0 2.1 0)
(0.75 2.1 0)
(1.5 2.1 0)
(2.25 2.1 0)
(3 2.1 0)
(-3 2.55 0)
(-2.25 2.55 0)
(-1.5 2.55 0)
(-0.75 2.55 0)
(0 2.55 0)
(0.75 2.55 0)
(1.5 2.55 0)
(2.25 2.55 0)
(3 2.55 0)
(-3 3 0)
(-2.25 3 0)
(-1.5 3 0)
(-0.75 3 0)
(0 3 0)
(0.75 3 0)
(1.5 3 0)
(2.25 3 0)
(3 3 0)
(-3 -6 0.75)
(-2.25 -6 0.75)
(-1.5 -6 0.75)
(-0.75 -6 0.75)
(0 -6 0.75)
(0.75 -6 0.75)
(1.5 -6 0.75)
(2.25 -6 0.75)
(3 -6 0.75)
(-3 -5.55 0.75)
(-2.25 -5.55 0.75)
(-1.5 -5.55 0.75)
(-0.75 -5.55 0.75)
(0 -5.55 0.75)
(0.75 -5.55 0.75)
(1.5 -5.55 0.75)
(2.25 -5.55 0.75)
(3 -5.55 0.75)
(-3 -5.1 0.75)
(-2.25 -5.1 0.75)
(-1.5 -5.1 0.75)
(-0.75 -5.1 0.75)
(0 -5.1 0.75)
(0.75 -5.1 0.75)
(1.5 -5.1 0.75)
(2.25 -5.1 0.75)
(3 -5.1 0.75)
(-3 -4.65 0.75)
(-2.25 -4.65 0.75)
(-1.5 -4.65 0.75)
(-0.75 -4.65 0.75)
(0 -4.65 0.75)
(0.75 -4.65 0.75)
(1.5 -4.65 0.75)
(2.25 -4.65 0.75)
(3 -4.65 0.75)
(-3 -4.2 0.75)
(-2.25 -4.2 0.75)
(-1.5 -4.2 0.75)
(-0.75 -4.2 0.75)
(0 -4.2 0.75)
(0.75 -4.2 0.75)
(1.5 -4.2 0.75)
(2.25 -4.2 0.75)
(3 -4.2 0.75)
(-3 -3.75 0.75)
(-2.25 -3.75 0.75)
(-1.5 -3.75 0.75)
(-0.75 -3.75 0.75)
(0 -3.75 0.75)
(0.75 -3.75 0.75)
(1.5 -3.75 0.75)
(2.25 -3.75 0.75)
(3 -3.75 0.75)
(-3 -3.3 0.75)
(-2.25 -3.3 0.75)
(-1.5 -3.3 0.75)
(-0.75 -3.3 0.75)
(0 -3.3 0.75)
(0.75 -3.3 0.75)
(1.5 -3.3 0.75)
(2.25 -3.3 0.75)
(3 -3.3 0.75)
(-3 -2.85 0.75)
(-2.25 -2.85 0.75)
(-1.5 -2.85 0.75)
(-0.75 -2.85 0.75)
(0 -2.85 0.75)
(0.75 -2.85 0.75)
(1.5 -2.85 0.75)
(2.25 -2.85 0.75)
(3 -2.85 0.75)
(-3 -2.4 0.75)
(-2.25 -2.4 0.75)
(-1.5 -2.4 0.75)
(-0.75 -2.4 0.75)
(0 -2.4 0.75)
(0.75 -2.4 0.75)
(1.5 -2.4 0.75)
(2.25 -2.4 0.75)
(3 -2.4 0.75)
(-3 -1.95 0.75)
(-2.25 -1.95 0.75)
(-1.5 -1.95 0.75)
(-0.75 -1.95 0.75)
(0 -1.95 0.75)
(0.75 -1.95 0.75)
(1.5 -1.95 0.75)
(2.25 -1.95 0.75)
(3 -1.95 0.75)
(-3 -1.5 0.75)
(-2.25 -1.5 0.75)
(-1.5 -1.5 0.75)
(-0.75 -1.5 0.75)
(0 -1.5 0.75)
(0.75 -1.5 0.75)
(1.5 -1.5 0.75)
(2.25 -1.5 0.75)
(3 -1.5 0.75)
(-3 -1.05 0.75)
(-2.25 -1.05 0.75)
(-1.5 -1.05 0.75)
(-0.75 -1.05 0.75)
(0 -1.05 0.75)
(0.75 -1.05 0.75)
(1.5 -1.05 0.75)
(2.25 -1.05 0.75)
(3 -1.05 0.75)
(-3 -0.6 0.75)
(-2.25 -0.6 0.75)
(-1.5 -0.6 0.75)
(-0.75 -0.6 0.75)
(0 -0.6 0.75)
(0.75 -0.6 0.75)
(1.5 -0.6 0.75)
(2.25 -0.6 0.75)
(3 -0.6 0.75)
(-3 -0.15 0.75)
(-2.25 -0.15 0.75)
(-1.5 -0.15 0.75)
(-0.75 -0.15 0.75)
(0 -0.15 0.75)
(0.75 -0.15 0.75)
(1.5 -0.15 0.75)
(2.25 -0.15 0.75)
(3 -0.15 0.75)
(-3 0.3 0.75)
(-2.25 0.3 0.75)
(-1.5 0.3 0.75)
(-0.75 0.3 0.75)
(0 0.3 0.75)
(0.75 0.3 0.75)
(1.5 0.3 0.75)
(2.25 0.3 0.75)
(3 0.3 0.75)
(-3 0.75 0.75)
(-2.25 0.75 0.75)
(-1.5 0.75 0.75)
(-0.75 0.75 0.75)
(0 0.75 0.75)
(0.75 0.75 0.75)
(1.5 0.75 0.75)
(2.25 0.75 0.75)
(3 0.75 0.75)
(-3 1.2 0.75)
(-2.25 1.2 0.75)
(-1.5 1.2 0.75)
(-0.75 1.2 0.75)
(0 1.2 0.75)
(0.75 1.2 0.75)
(1.5 1.2 0.75)
(2.25 1.2 0.75)
(3 1.2 0.75)
(-3 1.65 0.75)
(-2.25 1.65 0.75)
(-1.5 1.65 0.75)
(-0.75 1.65 0.75)
(0 1.65 0.75)
(0.75 1.65 0.75)
(1.5 1.65 0.75)
(2.25 1.65 0.75)
(3 1.65 0.75)
(-3 2.1 0.75)
(-2.25 2.1 0.75)
(-1.5 2.1 0.75)
(-0.75 2.1 0.75)
(0 2.1 0.75)
(0.75 2.1 0.75)
(1.5 2.1 0.75)
(2.25 2.1 0.75)
(3 2.1 0.75)
(-3 2.55 0.75)
(-2.25 2.55 0.75)
(-1.5 2.55 0.75)
(-0.75 2.55 0.75)
(0 2.55 0.75)
(0.75 2.55 0.75)
(1.5 2.55 0.75)
(2.25 2.55 0.75)
(3 2.55 0.75)
(-3 3 0.75)
(-2.25 3 0.75)
(-1.5 3 0.75)
(-0.75 3 0.75)
(0 3 0.75)
(0.75 3 0.75)
(1.5 3 0.75)
(2.25 3 0.75)
(3 3 0.75)
(-3 -6 1.5)
(-2.25 -6 1.5)
(-1.5 -6 1.5)
(-0.75 -6 1.5)
(0 -6 1.5)
(0.75 -6 1.5)
(1.5 -6 1.5)
(2.25 -6 1.5)
(3 -6 1.5)
(-3 -5.55 1.5)
(-2.25 -5.55 1.5)
(-1.5 -5.55 1.5)
(-0.75 -5.55 1.5)
(0 -5.55 1.5)
(0.75 -5.55 1.5)
(1.5 -5.55 1.5)
(2.25 -5.55 1.5)
(3 -5.55 1.5)
(-3 -5.1 1.5)
(-2.25 -5.1 1.5)
(-1.5 -5.1 1.5)
(-0.75 -5.1 1.5)
(0 -5.1 1.5)
(0.75 -5.1 1.5)
(1.5 -5.1 1.5)
(2.25 -5.1 1.5)
(3 -5.1 1.5)
(-3 -4.65 1.5)
(-2.25 -4.65 1.5)
(-1.5 -4.65 1.5)
(-0.75 -4.65 1.5)
(0 -4.65 1.5)
(0.75 -4.65 1.5)
(1.5 -4.65 1.5)
(2.25 -4.65 1.5)
(3 -4.65 1.5)
(-3 -4.2 1.5)
(-2.25 -4.2 1.5)
(-1.5 -4.2 1.5)
(-0.75 -4.2 1.5)
(0 -4.2 1.5)
(0.75 -4.2 1.5)
(1.5 -4.2 1.5)
(2.25 -4.2 1.5)
(3 -4.2 1.5)
(-3 -3.75 1.5)
(-2.25 -3.75 1.5)
(-1.5 -3.75 1.5)
(-0.75 -3.75 1.5)
(0 -3.75 1.5)
(0.75 -3.75 1.5)
(1.5 -3.75 1.5)
(2.25 -3.75 1.5)
(3 -3.75 1.5)
(-3 -3.3 1.5)
(-2.25 -3.3 1.5)
(-1.5 -3.3 1.5)
(-0.75 -3.3 1.5)
(0 -3.3 1.5)
(0.75 -3.3 1.5)
(1.5 -3.3 1.5)
(2.25 -3.3 1.5)
(3 -3.3 1.5)
(-3 -2.85 1.5)
(-2.25 -2.85 1.5)
(-1.5 -2.85 1.5)
(-0.75 -2.85 1.5)
(0 -2.85 1.5)
(0.75 -2.85 1.5)
(1.5 -2.85 1.5)
(2.25 -2.85 1.5)
(3 -2.85 1.5)
(-3 -2.4 1.5)
(-2.25 -2.4 1.5)
(-1.5 -2.4 1.5)
(-0.75 -2.4 1.5)
(0 -2.4 1.5)
(0.75 -2.4 1.5)
(1.5 -2.4 1.5)
(2.25 -2.4 1.5)
(3 -2.4 1.5)
(-3 -1.95 1.5)
(-2.25 -1.95 1.5)
(-1.5 -1.95 1.5)
(-0.75 -1.95 1.5)
(0 -1.95 1.5)
(0.75 -1.95 1.5)
(1.5 -1.95 1.5)
(2.25 -1.95 1.5)
(3 -1.95 1.5)
(-3 -1.5 1.5)
(-2.25 -1.5 1.5)
(-1.5 -1.5 1.5)
(-0.75 -1.5 1.5)
(0 -1.5 1.5)
(0.75 -1.5 1.5)
(1.5 -1.5 1.5)
(2.25 -1.5 1.5)
(3 -1.5 1.5)
(-3 -1.05 1.5)
(-2.25 -1.05 1.5)
(-1.5 -1.05 1.5)
(-0.75 -1.05 1.5)
(0 -1.05 1.5)
(0.75 -1.05 1.5)
(1.5 -1.05 1.5)
(2.25 -1.05 1.5)
(3 -1.05 1.5)
(-3 -0.6 1.5)
(-2.25 -0.6 1.5)
(-1.5 -0.6 1.5)
(-0.75 -0.6 1.5)
(0 -0.6 1.5)
(0.75 -0.6 1.5)
(1.5 -0.6 1.5)
(2.25 -0.6 1.5)
(3 -0.6 1.5)
(-3 -0.15 1.5)
(-2.25 -0.15 1.5)
(-1.5 -0.15 1.5)
(-0.75 -0.15 1.5)
(0 -0.15 1.5)
(0.75 -0.15 1.5)
(1.5 -0.15 1.5)
(2.25 -0.15 1.5)
(3 -0.15 1.5)
(-3 0.3 1.5)
(-2.25 0.3 1.5)
(-1.5 0.3 1.5)
(-0.75 0.3 1.5)
(0 0.3 1.5)
(0.75 0.3 1.5)
(1.5 0.3 1.5)
(2.25 0.3 1.5)
(3 0.3 1.5)
(-3 0.75 1.5)
(-2.25 0.75 1.5)
(-1.5 0.75 1.5)
(-0.75 0.75 1.5)
(0 0.75 1.5)
(0.75 0.75 1.5)
(1.5 0.75 1.5)
(2.25 0.75 1.5)
(3 0.75 1.5)
(-3 1.2 1.5)
(-2.25 1.2 1.5)
(-1.5 1.2 1.5)
(-0.75 1.2 1.5)
(0 1.2 1.5)
(0.75 1.2 1.5)
(1.5 1.2 1.5)
(2.25 1.2 1.5)
(3 1.2 1.5)
(-3 1.65 1.5)
(-2.25 1.65 1.5)
(-1.5 1.65 1.5)
(-0.75 1.65 1.5)
(0 1.65 1.5)
(0.75 1.65 1.5)
(1.5 1.65 1.5)
(2.25 1.65 1.5)
(3 1.65 1.5)
(-3 2.1 1.5)
(-2.25 2.1 1.5)
(-1.5 2.1 1.5)
(-0.75 2.1 1.5)
(0 2.1 1.5)
(0.75 2.1 1.5)
(1.5 2.1 1.5)
(2.25 2.1 1.5)
(3 2.1 1.5)
(-3 2.55 1.5)
(-2.25 2.55 1.5)
(-1.5 2.55 1.5)
(-0.75 2.55 1.5)
(0 2.55 1.5)
(0.75 2.55 1.5)
(1.5 2.55 1.5)
(2.25 2.55 1.5)
(3 2.55 1.5)
(-3 3 1.5)
(-2.25 3 1.5)
(-1.5 3 1.5)
(-0.75 3 1.5)
(0 3 1.5)
(0.75 3 1.5)
(1.5 3 1.5)
(2.25 3 1.5)
(3 3 1.5)
(-3 -6 2.25)
(-2.25 -6 2.25)
(-1.5 -6 2.25)
(-0.75 -6 2.25)
(0 -6 2.25)
(0.75 -6 2.25)
(1.5 -6 2.25)
(2.25 -6 2.25)
(3 -6 2.25)
(-3 -5.55 2.25)
(-2.25 -5.55 2.25)
(-1.5 -5.55 2.25)
(-0.75 -5.55 2.25)
(0 -5.55 2.25)
(0.75 -5.55 2.25)
(1.5 -5.55 2.25)
(2.25 -5.55 2.25)
(3 -5.55 2.25)
(-3 -5.1 2.25)
(-2.25 -5.1 2.25)
(-1.5 -5.1 2.25)
(-0.75 -5.1 2.25)
(0 -5.1 2.25)
(0.75 -5.1 2.25)
(1.5 -5.1 2.25)
(2.25 -5.1 2.25)
(3 -5.1 2.25)
(-3 -4.65 2.25)
(-2.25 -4.65 2.25)
(-1.5 -4.65 2.25)
(-0.75 -4.65 2.25)
(0 -4.65 2.25)
(0.75 -4.65 2.25)
(1.5 -4.65 2.25)
(2.25 -4.65 2.25)
(3 -4.65 2.25)
(-3 -4.2 2.25)
(-2.25 -4.2 2.25)
(-1.5 -4.2 2.25)
(-0.75 -4.2 2.25)
(0 -4.2 2.25)
(0.75 -4.2 2.25)
(1.5 -4.2 2.25)
(2.25 -4.2 2.25)
(3 -4.2 2.25)
(-3 -3.75 2.25)
(-2.25 -3.75 2.25)
(-1.5 -3.75 2.25)
(-0.75 -3.75 2.25)
(0 -3.75 2.25)
(0.75 -3.75 2.25)
(1.5 -3.75 2.25)
(2.25 -3.75 2.25)
(3 -3.75 2.25)
(-3 -3.3 2.25)
(-2.25 -3.3 2.25)
(-1.5 -3.3 2.25)
(-0.75 -3.3 2.25)
(0 -3.3 2.25)
(0.75 -3.3 2.25)
(1.5 -3.3 2.25)
(2.25 -3.3 2.25)
(3 -3.3 2.25)
(-3 -2.85 2.25)
(-2.25 -2.85 2.25)
(-1.5 -2.85 2.25)
(-0.75 -2.85 2.25)
(0 -2.85 2.25)
(0.75 -2.85 2.25)
(1.5 -2.85 2.25)
(2.25 -2.85 2.25)
(3 -2.85 2.25)
(-3 -2.4 2.25)
(-2.25 -2.4 2.25)
(-1.5 -2.4 2.25)
(-0.75 -2.4 2.25)
(0 -2.4 2.25)
(0.75 -2.4 2.25)
(1.5 -2.4 2.25)
(2.25 -2.4 2.25)
(3 -2.4 2.25)
(-3 -1.95 2.25)
(-2.25 -1.95 2.25)
(-1.5 -1.95 2.25)
(-0.75 -1.95 2.25)
(0 -1.95 2.25)
(0.75 -1.95 2.25)
(1.5 -1.95 2.25)
(2.25 -1.95 2.25)
(3 -1.95 2.25)
(-3 -1.5 2.25)
(-2.25 -1.5 2.25)
(-1.5 -1.5 2.25)
(-0.75 -1.5 2.25)
(0 -1.5 2.25)
(0.75 -1.5 2.25)
(1.5 -1.5 2.25)
(2.25 -1.5 2.25)
(3 -1.5 2.25)
(-3 -1.05 2.25)
(-2.25 -1.05 2.25)
(-1.5 -1.05 2.25)
(-0.75 -1.05 2.25)
(0 -1.05 2.25)
(0.75 -1.05 2.25)
(1.5 -1.05 2.25)
(2.25 -1.05 2.25)
(3 -1.05 2.25)
(-3 -0.6 2.25)
(-2.25 -0.6 2.25)
(-1.5 -0.6 2.25)
(-0.75 -0.6 2.25)
(0 -0.6 2.25)
(0.75 -0.6 2.25)
(1.5 -0.6 2.25)
(2.25 -0.6 2.25)
(3 -0.6 2.25)
(-3 -0.15 2.25)
(-2.25 -0.15 2.25)
(-1.5 -0.15 2.25)
(-0.75 -0.15 2.25)
(0 -0.15 2.25)
(0.75 -0.15 2.25)
(1.5 -0.15 2.25)
(2.25 -0.15 2.25)
(3 -0.15 2.25)
(-3 0.3 2.25)
(-2.25 0.3 2.25)
(-1.5 0.3 2.25)
(-0.75 0.3 2.25)
(0 0.3 2.25)
(0.75 0.3 2.25)
(1.5 0.3 2.25)
(2.25 0.3 2.25)
(3 0.3 2.25)
(-3 0.75 2.25)
(-2.25 0.75 2.25)
(-1.5 0.75 2.25)
(-0.75 0.75 2.25)
(0 0.75 2.25)
(0.75 0.75 2.25)
(1.5 0.75 2.25)
(2.25 0.75 2.25)
(3 0.75 2.25)
(-3 1.2 2.25)
(-2.25 1.2 2.25)
(-1.5 1.2 2.25)
(-0.75 1.2 2.25)
(0 1.2 2.25)
(0.75 1.2 2.25)
(1.5 1.2 2.25)
(2.25 1.2 2.25)
(3 1.2 2.25)
(-3 1.65 2.25)
(-2.25 1.65 2.25)
(-1.5 1.65 2.25)
(-0.75 1.65 2.25)
(0 1.65 2.25)
(0.75 1.65 2.25)
(1.5 1.65 2.25)
(2.25 1.65 2.25)
(3 1.65 2.25)
(-3 2.1 2.25)
(-2.25 2.1 2.25)
(-1.5 2.1 2.25)
(-0.75 2.1 2.25)
(0 2.1 2.25)
(0.75 2.1 2.25)
(1.5 2.1 2.25)
(2.25 2.1 2.25)
(3 2.1 2.25)
(-3 2.55 2.25)
(-2.25 2.55 2.25)
(-1.5 2.55 2.25)
(-0.75 2.55 2.25)
(0 2.55 2.25)
(0.75 2.55 2.25)
(1.5 2.55 2.25)
(2.25 2.55 2.25)
(3 2.55 2.25)
(-3 3 2.25)
(-2.25 3 2.25)
(-1.5 3 2.25)
(-0.75 3 2.25)
(0 3 2.25)
(0.75 3 2.25)
(1.5 3 2.25)
(2.25 3 2.25)
(3 3 2.25)
(-3 -6 3)
(-2.25 -6 3)
(-1.5 -6 3)
(-0.75 -6 3)
(0 -6 3)
(0.75 -6 3)
(1.5 -6 3)
(2.25 -6 3)
(3 -6 3)
(-3 -5.55 3)
(-2.25 -5.55 3)
(-1.5 -5.55 3)
(-0.75 -5.55 3)
(0 -5.55 3)
(0.75 -5.55 3)
(1.5 -5.55 3)
(2.25 -5.55 3)
(3 -5.55 3)
(-3 -5.1 3)
(-2.25 -5.1 3)
(-1.5 -5.1 3)
(-0.75 -5.1 3)
(0 -5.1 3)
(0.75 -5.1 3)
(1.5 -5.1 3)
(2.25 -5.1 3)
(3 -5.1 3)
(-3 -4.65 3)
(-2.25 -4.65 3)
(-1.5 -4.65 3)
(-0.75 -4.65 3)
(0 -4.65 3)
(0.75 -4.65 3)
(1.5 -4.65 3)
(2.25 -4.65 3)
(3 -4.65 3)
(-3 -4.2 3)
(-2.25 -4.2 3)
(-1.5 -4.2 3)
(-0.75 -4.2 3)
(0 -4.2 3)
(0.75 -4.2 3)
(1.5 -4.2 3)
(2.25 -4.2 3)
(3 -4.2 3)
(-3 -3.75 3)
(-2.25 -3.75 3)
(-1.5 -3.75 3)
(-0.75 -3.75 3)
(0 -3.75 3)
(0.75 -3.75 3)
(1.5 -3.75 3)
(2.25 -3.75 3)
(3 -3.75 3)
(-3 -3.3 3)
(-2.25 -3.3 3)
(-1.5 -3.3 3)
(-0.75 -3.3 3)
(0 -3.3 3)
(0.75 -3.3 3)
(1.5 -3.3 3)
(2.25 -3.3 3)
(3 -3.3 3)
(-3 -2.85 3)
(-2.25 -2.85 3)
(-1.5 -2.85 3)
(-0.75 -2.85 3)
(0 -2.85 3)
(0.75 -2.85 3)
(1.5 -2.85 3)
(2.25 -2.85 3)
(3 -2.85 3)
(-3 -2.4 3)
(-2.25 -2.4 3)
(-1.5 -2.4 3)
(-0.75 -2.4 3)
(0 -2.4 3)
(0.75 -2.4 3)
(1.5 -2.4 3)
(2.25 -2.4 3)
(3 -2.4 3)
(-3 -1.95 3)
(-2.25 -1.95 3)
(-1.5 -1.95 3)
(-0.75 -1.95 3)
(0 -1.95 3)
(0.75 -1.95 3)
(1.5 -1.95 3)
(2.25 -1.95 3)
(3 -1.95 3)
(-3 -1.5 3)
(-2.25 -1.5 3)
(-1.5 -1.5 3)
(-0.75 -1.5 3)
(0 -1.5 3)
(0.75 -1.5 3)
(1.5 -1.5 3)
(2.25 -1.5 3)
(3 -1.5 3)
(-3 -1.05 3)
(-2.25 -1.05 3)
(-1.5 -1.05 3)
(-0.75 -1.05 3)
(0 -1.05 3)
(0.75 -1.05 3)
(1.5 -1.05 3)
(2.25 -1.05 3)
(3 -1.05 3)
(-3 -0.6 3)
(-2.25 -0.6 3)
(-1.5 -0.6 3)
(-0.75 -0.6 3)
(0 -0.6 3)
(0.75 -0.6 3)
(1.5 -0.6 3)
(2.25 -0.6 3)
(3 -0.6 3)
(-3 -0.15 3)
(-2.25 -0.15 3)
(-1.5 -0.15 3)
(-0.75 -0.15 3)
(0 -0.15 3)
(0.75 -0.15 3)
(1.5 -0.15 3)
(2.25 -0.15 3)
(3 -0.15 3)
(-3 0.3 3)
(-2.25 0.3 3)
(-1.5 0.3 3)
(-0.75 0.3 3)
(0 0.3 3)
(0.75 0.3 3)
(1.5 0.3 3)
(2.25 0.3 3)
(3 0.3 3)
(-3 0.75 3)
(-2.25 0.75 3)
(-1.5 0.75 3)
(-0.75 0.75 3)
(0 0.75 3)
(0.75 0.75 3)
(1.5 0.75 3)
(2.25 0.75 3)
(3 0.75 3)
(-3 1.2 3)
(-2.25 1.2 3)
(-1.5 1.2 3)
(-0.75 1.2 3)
(0 1.2 3)
(0.75 1.2 3)
(1.5 1.2 3)
(2.25 1.2 3)
(3 1.2 3)
(-3 1.65 3)
(-2.25 1.65 3)
(-1.5 1.65 3)
(-0.75 1.65 3)
(0 1.65 3)
(0.75 1.65 3)
(1.5 1.65 3)
(2.25 1.65 3)
(3 1.65 3)
(-3 2.1 3)
(-2.25 2.1 3)
(-1.5 2.1 3)
(-0.75 2.1 3)
(0 2.1 3)
(0.75 2.1 3)
(1.5 2.1 3)
(2.25 2.1 3)
(3 2.1 3)
(-3 2.55 3)
(-2.25 2.55 3)
(-1.5 2.55 3)
(-0.75 2.55 3)
(0 2.55 3)
(0.75 2.55 3)
(1.5 2.55 3)
(2.25 2.55 3)
(3 2.55 3)
(-3 3 3)
(-2.25 3 3)
(-1.5 3 3)
(-0.75 3 3)
(0 3 3)
(0.75 3 3)
(1.5 3 3)
(2.25 3 3)
(3 3 3)
)


// ************************************************************************* //
